3 4 5

0.791284 0.674551 0.897092 
0.149022 0.524705 0.83282 
0.614338 0.618336 0.661672 
0.562487 0.677236 0.652486 

0.95529 0.300302 0.188147 
0.206488 0.253731 0.861293 
0.122349 0.59328 0.402081 
0.85934 0.691488 0.518357 

0.762719 0.270272 0.279092 
0.3979 0.88641 0.543779 
0.729911 0.616199 0.364971 
0.170476 0.273751 0.87875 

0.396893 0.110202 0.865596 
0.317362 0.0968963 0.988037 
0.222602 0.503555 0.0810877 
0.46382 0.340098 0.0261544 

0.358715 0.682333 0.766869 
0.790033 0.0616779 0.209113 
0.421888 0.691061 0.0434278 
0.359447 0.232948 0.825282 

