1176
 0.0  0.0  1.0 -0.5000000000 -0.5000000000  0.5000000000 
 0.0  0.0  1.0 -0.3571428657 -0.5000000000  0.5000000000 
 0.0  0.0  1.0 -0.3571428657 -0.3571428657  0.5000000000 
 0.0  0.0  1.0 -0.5000000000 -0.3571428657  0.5000000000 
 0.0  0.0  1.0 -0.3571428657 -0.5000000000  0.5000000000 
 0.0  0.0  1.0 -0.2142857164 -0.5000000000  0.5000000000 
 0.0  0.0  1.0 -0.2142857164 -0.3571428657  0.5000000000 
 0.0  0.0  1.0 -0.3571428657 -0.3571428657  0.5000000000 
 0.0  0.0  1.0 -0.2142857164 -0.5000000000  0.5000000000 
 0.0  0.0  1.0 -0.0714285672 -0.5000000000  0.5000000000 
 0.0  0.0  1.0 -0.0714285672 -0.3571428657  0.5000000000 
 0.0  0.0  1.0 -0.2142857164 -0.3571428657  0.5000000000 
 0.0  0.0  1.0 -0.0714285672 -0.5000000000  0.5000000000 
 0.0  0.0  1.0  0.0714285821 -0.5000000000  0.5000000000 
 0.0  0.0  1.0  0.0714285821 -0.3571428657  0.5000000000 
 0.0  0.0  1.0 -0.0714285672 -0.3571428657  0.5000000000 
 0.0  0.0  1.0  0.0714285821 -0.5000000000  0.5000000000 
 0.0  0.0  1.0  0.2142857313 -0.5000000000  0.5000000000 
 0.0  0.0  1.0  0.2142857313 -0.3571428657  0.5000000000 
 0.0  0.0  1.0  0.0714285821 -0.3571428657  0.5000000000 
 0.0  0.0  1.0  0.2142857313 -0.5000000000  0.5000000000 
 0.0  0.0  1.0  0.3571428657 -0.5000000000  0.5000000000 
 0.0  0.0  1.0  0.3571428657 -0.3571428657  0.5000000000 
 0.0  0.0  1.0  0.2142857313 -0.3571428657  0.5000000000 
 0.0  0.0  1.0  0.3571428657 -0.5000000000  0.5000000000 
 0.0  0.0  1.0  0.5000000000 -0.5000000000  0.5000000000 
 0.0  0.0  1.0  0.5000000000 -0.3571428657  0.5000000000 
 0.0  0.0  1.0  0.3571428657 -0.3571428657  0.5000000000 
 0.0  0.0  1.0 -0.5000000000 -0.3571428657  0.5000000000 
 0.0  0.0  1.0 -0.3571428657 -0.3571428657  0.5000000000 
 0.0  0.0  1.0 -0.3571428657 -0.2142857164  0.5000000000 
 0.0  0.0  1.0 -0.5000000000 -0.2142857164  0.5000000000 
 0.0  0.0  1.0 -0.3571428657 -0.3571428657  0.5000000000 
 0.0  0.0  1.0 -0.2142857164 -0.3571428657  0.5000000000 
 0.0  0.0  1.0 -0.2142857164 -0.2142857164  0.5000000000 
 0.0  0.0  1.0 -0.3571428657 -0.2142857164  0.5000000000 
 0.0  0.0  1.0 -0.2142857164 -0.3571428657  0.5000000000 
 0.0  0.0  1.0 -0.0714285672 -0.3571428657  0.5000000000 
 0.0  0.0  1.0 -0.0714285672 -0.2142857164  0.5000000000 
 0.0  0.0  1.0 -0.2142857164 -0.2142857164  0.5000000000 
 0.0  0.0  1.0 -0.0714285672 -0.3571428657  0.5000000000 
 0.0  0.0  1.0  0.0714285821 -0.3571428657  0.5000000000 
 0.0  0.0  1.0  0.0714285821 -0.2142857164  0.5000000000 
 0.0  0.0  1.0 -0.0714285672 -0.2142857164  0.5000000000 
 0.0  0.0  1.0  0.0714285821 -0.3571428657  0.5000000000 
 0.0  0.0  1.0  0.2142857313 -0.3571428657  0.5000000000 
 0.0  0.0  1.0  0.2142857313 -0.2142857164  0.5000000000 
 0.0  0.0  1.0  0.0714285821 -0.2142857164  0.5000000000 
 0.0  0.0  1.0  0.2142857313 -0.3571428657  0.5000000000 
 0.0  0.0  1.0  0.3571428657 -0.3571428657  0.5000000000 
 0.0  0.0  1.0  0.3571428657 -0.2142857164  0.5000000000 
 0.0  0.0  1.0  0.2142857313 -0.2142857164  0.5000000000 
 0.0  0.0  1.0  0.3571428657 -0.3571428657  0.5000000000 
 0.0  0.0  1.0  0.5000000000 -0.3571428657  0.5000000000 
 0.0  0.0  1.0  0.5000000000 -0.2142857164  0.5000000000 
 0.0  0.0  1.0  0.3571428657 -0.2142857164  0.5000000000 
 0.0  0.0  1.0 -0.5000000000 -0.2142857164  0.5000000000 
 0.0  0.0  1.0 -0.3571428657 -0.2142857164  0.5000000000 
 0.0  0.0  1.0 -0.3571428657 -0.0714285672  0.5000000000 
 0.0  0.0  1.0 -0.5000000000 -0.0714285672  0.5000000000 
 0.0  0.0  1.0 -0.3571428657 -0.2142857164  0.5000000000 
 0.0  0.0  1.0 -0.2142857164 -0.2142857164  0.5000000000 
 0.0  0.0  1.0 -0.2142857164 -0.0714285672  0.5000000000 
 0.0  0.0  1.0 -0.3571428657 -0.0714285672  0.5000000000 
 0.0  0.0  1.0 -0.2142857164 -0.2142857164  0.5000000000 
 0.0  0.0  1.0 -0.0714285672 -0.2142857164  0.5000000000 
 0.0  0.0  1.0 -0.0714285672 -0.0714285672  0.5000000000 
 0.0  0.0  1.0 -0.2142857164 -0.0714285672  0.5000000000 
 0.0  0.0  1.0 -0.0714285672 -0.2142857164  0.5000000000 
 0.0  0.0  1.0  0.0714285821 -0.2142857164  0.5000000000 
 0.0  0.0  1.0  0.0714285821 -0.0714285672  0.5000000000 
 0.0  0.0  1.0 -0.0714285672 -0.0714285672  0.5000000000 
 0.0  0.0  1.0  0.0714285821 -0.2142857164  0.5000000000 
 0.0  0.0  1.0  0.2142857313 -0.2142857164  0.5000000000 
 0.0  0.0  1.0  0.2142857313 -0.0714285672  0.5000000000 
 0.0  0.0  1.0  0.0714285821 -0.0714285672  0.5000000000 
 0.0  0.0  1.0  0.2142857313 -0.2142857164  0.5000000000 
 0.0  0.0  1.0  0.3571428657 -0.2142857164  0.5000000000 
 0.0  0.0  1.0  0.3571428657 -0.0714285672  0.5000000000 
 0.0  0.0  1.0  0.2142857313 -0.0714285672  0.5000000000 
 0.0  0.0  1.0  0.3571428657 -0.2142857164  0.5000000000 
 0.0  0.0  1.0  0.5000000000 -0.2142857164  0.5000000000 
 0.0  0.0  1.0  0.5000000000 -0.0714285672  0.5000000000 
 0.0  0.0  1.0  0.3571428657 -0.0714285672  0.5000000000 
 0.0  0.0  1.0 -0.5000000000 -0.0714285672  0.5000000000 
 0.0  0.0  1.0 -0.3571428657 -0.0714285672  0.5000000000 
 0.0  0.0  1.0 -0.3571428657  0.0714285821  0.5000000000 
 0.0  0.0  1.0 -0.5000000000  0.0714285821  0.5000000000 
 0.0  0.0  1.0 -0.3571428657 -0.0714285672  0.5000000000 
 0.0  0.0  1.0 -0.2142857164 -0.0714285672  0.5000000000 
 0.0  0.0  1.0 -0.2142857164  0.0714285821  0.5000000000 
 0.0  0.0  1.0 -0.3571428657  0.0714285821  0.5000000000 
 0.0  0.0  1.0 -0.2142857164 -0.0714285672  0.5000000000 
 0.0  0.0  1.0 -0.0714285672 -0.0714285672  0.5000000000 
 0.0  0.0  1.0 -0.0714285672  0.0714285821  0.5000000000 
 0.0  0.0  1.0 -0.2142857164  0.0714285821  0.5000000000 
 0.0  0.0  1.0 -0.0714285672 -0.0714285672  0.5000000000 
 0.0  0.0  1.0  0.0714285821 -0.0714285672  0.5000000000 
 0.0  0.0  1.0  0.0714285821  0.0714285821  0.5000000000 
 0.0  0.0  1.0 -0.0714285672  0.0714285821  0.5000000000 
 0.0  0.0  1.0  0.0714285821 -0.0714285672  0.5000000000 
 0.0  0.0  1.0  0.2142857313 -0.0714285672  0.5000000000 
 0.0  0.0  1.0  0.2142857313  0.0714285821  0.5000000000 
 0.0  0.0  1.0  0.0714285821  0.0714285821  0.5000000000 
 0.0  0.0  1.0  0.2142857313 -0.0714285672  0.5000000000 
 0.0  0.0  1.0  0.3571428657 -0.0714285672  0.5000000000 
 0.0  0.0  1.0  0.3571428657  0.0714285821  0.5000000000 
 0.0  0.0  1.0  0.2142857313  0.0714285821  0.5000000000 
 0.0  0.0  1.0  0.3571428657 -0.0714285672  0.5000000000 
 0.0  0.0  1.0  0.5000000000 -0.0714285672  0.5000000000 
 0.0  0.0  1.0  0.5000000000  0.0714285821  0.5000000000 
 0.0  0.0  1.0  0.3571428657  0.0714285821  0.5000000000 
 0.0  0.0  1.0 -0.5000000000  0.0714285821  0.5000000000 
 0.0  0.0  1.0 -0.3571428657  0.0714285821  0.5000000000 
 0.0  0.0  1.0 -0.3571428657  0.2142857313  0.5000000000 
 0.0  0.0  1.0 -0.5000000000  0.2142857313  0.5000000000 
 0.0  0.0  1.0 -0.3571428657  0.0714285821  0.5000000000 
 0.0  0.0  1.0 -0.2142857164  0.0714285821  0.5000000000 
 0.0  0.0  1.0 -0.2142857164  0.2142857313  0.5000000000 
 0.0  0.0  1.0 -0.3571428657  0.2142857313  0.5000000000 
 0.0  0.0  1.0 -0.2142857164  0.0714285821  0.5000000000 
 0.0  0.0  1.0 -0.0714285672  0.0714285821  0.5000000000 
 0.0  0.0  1.0 -0.0714285672  0.2142857313  0.5000000000 
 0.0  0.0  1.0 -0.2142857164  0.2142857313  0.5000000000 
 0.0  0.0  1.0 -0.0714285672  0.0714285821  0.5000000000 
 0.0  0.0  1.0  0.0714285821  0.0714285821  0.5000000000 
 0.0  0.0  1.0  0.0714285821  0.2142857313  0.5000000000 
 0.0  0.0  1.0 -0.0714285672  0.2142857313  0.5000000000 
 0.0  0.0  1.0  0.0714285821  0.0714285821  0.5000000000 
 0.0  0.0  1.0  0.2142857313  0.0714285821  0.5000000000 
 0.0  0.0  1.0  0.2142857313  0.2142857313  0.5000000000 
 0.0  0.0  1.0  0.0714285821  0.2142857313  0.5000000000 
 0.0  0.0  1.0  0.2142857313  0.0714285821  0.5000000000 
 0.0  0.0  1.0  0.3571428657  0.0714285821  0.5000000000 
 0.0  0.0  1.0  0.3571428657  0.2142857313  0.5000000000 
 0.0  0.0  1.0  0.2142857313  0.2142857313  0.5000000000 
 0.0  0.0  1.0  0.3571428657  0.0714285821  0.5000000000 
 0.0  0.0  1.0  0.5000000000  0.0714285821  0.5000000000 
 0.0  0.0  1.0  0.5000000000  0.2142857313  0.5000000000 
 0.0  0.0  1.0  0.3571428657  0.2142857313  0.5000000000 
 0.0  0.0  1.0 -0.5000000000  0.2142857313  0.5000000000 
 0.0  0.0  1.0 -0.3571428657  0.2142857313  0.5000000000 
 0.0  0.0  1.0 -0.3571428657  0.3571428657  0.5000000000 
 0.0  0.0  1.0 -0.5000000000  0.3571428657  0.5000000000 
 0.0  0.0  1.0 -0.3571428657  0.2142857313  0.5000000000 
 0.0  0.0  1.0 -0.2142857164  0.2142857313  0.5000000000 
 0.0  0.0  1.0 -0.2142857164  0.3571428657  0.5000000000 
 0.0  0.0  1.0 -0.3571428657  0.3571428657  0.5000000000 
 0.0  0.0  1.0 -0.2142857164  0.2142857313  0.5000000000 
 0.0  0.0  1.0 -0.0714285672  0.2142857313  0.5000000000 
 0.0  0.0  1.0 -0.0714285672  0.3571428657  0.5000000000 
 0.0  0.0  1.0 -0.2142857164  0.3571428657  0.5000000000 
 0.0  0.0  1.0 -0.0714285672  0.2142857313  0.5000000000 
 0.0  0.0  1.0  0.0714285821  0.2142857313  0.5000000000 
 0.0  0.0  1.0  0.0714285821  0.3571428657  0.5000000000 
 0.0  0.0  1.0 -0.0714285672  0.3571428657  0.5000000000 
 0.0  0.0  1.0  0.0714285821  0.2142857313  0.5000000000 
 0.0  0.0  1.0  0.2142857313  0.2142857313  0.5000000000 
 0.0  0.0  1.0  0.2142857313  0.3571428657  0.5000000000 
 0.0  0.0  1.0  0.0714285821  0.3571428657  0.5000000000 
 0.0  0.0  1.0  0.2142857313  0.2142857313  0.5000000000 
 0.0  0.0  1.0  0.3571428657  0.2142857313  0.5000000000 
 0.0  0.0  1.0  0.3571428657  0.3571428657  0.5000000000 
 0.0  0.0  1.0  0.2142857313  0.3571428657  0.5000000000 
 0.0  0.0  1.0  0.3571428657  0.2142857313  0.5000000000 
 0.0  0.0  1.0  0.5000000000  0.2142857313  0.5000000000 
 0.0  0.0  1.0  0.5000000000  0.3571428657  0.5000000000 
 0.0  0.0  1.0  0.3571428657  0.3571428657  0.5000000000 
 0.0  0.0  1.0 -0.5000000000  0.3571428657  0.5000000000 
 0.0  0.0  1.0 -0.3571428657  0.3571428657  0.5000000000 
 0.0  0.0  1.0 -0.3571428657  0.5000000000  0.5000000000 
 0.0  0.0  1.0 -0.5000000000  0.5000000000  0.5000000000 
 0.0  0.0  1.0 -0.3571428657  0.3571428657  0.5000000000 
 0.0  0.0  1.0 -0.2142857164  0.3571428657  0.5000000000 
 0.0  0.0  1.0 -0.2142857164  0.5000000000  0.5000000000 
 0.0  0.0  1.0 -0.3571428657  0.5000000000  0.5000000000 
 0.0  0.0  1.0 -0.2142857164  0.3571428657  0.5000000000 
 0.0  0.0  1.0 -0.0714285672  0.3571428657  0.5000000000 
 0.0  0.0  1.0 -0.0714285672  0.5000000000  0.5000000000 
 0.0  0.0  1.0 -0.2142857164  0.5000000000  0.5000000000 
 0.0  0.0  1.0 -0.0714285672  0.3571428657  0.5000000000 
 0.0  0.0  1.0  0.0714285821  0.3571428657  0.5000000000 
 0.0  0.0  1.0  0.0714285821  0.5000000000  0.5000000000 
 0.0  0.0  1.0 -0.0714285672  0.5000000000  0.5000000000 
 0.0  0.0  1.0  0.0714285821  0.3571428657  0.5000000000 
 0.0  0.0  1.0  0.2142857313  0.3571428657  0.5000000000 
 0.0  0.0  1.0  0.2142857313  0.5000000000  0.5000000000 
 0.0  0.0  1.0  0.0714285821  0.5000000000  0.5000000000 
 0.0  0.0  1.0  0.2142857313  0.3571428657  0.5000000000 
 0.0  0.0  1.0  0.3571428657  0.3571428657  0.5000000000 
 0.0  0.0  1.0  0.3571428657  0.5000000000  0.5000000000 
 0.0  0.0  1.0  0.2142857313  0.5000000000  0.5000000000 
 0.0  0.0  1.0  0.3571428657  0.3571428657  0.5000000000 
 0.0  0.0  1.0  0.5000000000  0.3571428657  0.5000000000 
 0.0  0.0  1.0  0.5000000000  0.5000000000  0.5000000000 
 0.0  0.0  1.0  0.3571428657  0.5000000000  0.5000000000 
 0.0  0.0 -1.0 -0.5000000000 -0.5000000000 -0.5000000000 
 0.0  0.0 -1.0 -0.5000000000 -0.3571428657 -0.5000000000 
 0.0  0.0 -1.0 -0.3571428657 -0.3571428657 -0.5000000000 
 0.0  0.0 -1.0 -0.3571428657 -0.5000000000 -0.5000000000 
 0.0  0.0 -1.0 -0.3571428657 -0.5000000000 -0.5000000000 
 0.0  0.0 -1.0 -0.3571428657 -0.3571428657 -0.5000000000 
 0.0  0.0 -1.0 -0.2142857164 -0.3571428657 -0.5000000000 
 0.0  0.0 -1.0 -0.2142857164 -0.5000000000 -0.5000000000 
 0.0  0.0 -1.0 -0.2142857164 -0.5000000000 -0.5000000000 
 0.0  0.0 -1.0 -0.2142857164 -0.3571428657 -0.5000000000 
 0.0  0.0 -1.0 -0.0714285672 -0.3571428657 -0.5000000000 
 0.0  0.0 -1.0 -0.0714285672 -0.5000000000 -0.5000000000 
 0.0  0.0 -1.0 -0.0714285672 -0.5000000000 -0.5000000000 
 0.0  0.0 -1.0 -0.0714285672 -0.3571428657 -0.5000000000 
 0.0  0.0 -1.0  0.0714285821 -0.3571428657 -0.5000000000 
 0.0  0.0 -1.0  0.0714285821 -0.5000000000 -0.5000000000 
 0.0  0.0 -1.0  0.0714285821 -0.5000000000 -0.5000000000 
 0.0  0.0 -1.0  0.0714285821 -0.3571428657 -0.5000000000 
 0.0  0.0 -1.0  0.2142857313 -0.3571428657 -0.5000000000 
 0.0  0.0 -1.0  0.2142857313 -0.5000000000 -0.5000000000 
 0.0  0.0 -1.0  0.2142857313 -0.5000000000 -0.5000000000 
 0.0  0.0 -1.0  0.2142857313 -0.3571428657 -0.5000000000 
 0.0  0.0 -1.0  0.3571428657 -0.3571428657 -0.5000000000 
 0.0  0.0 -1.0  0.3571428657 -0.5000000000 -0.5000000000 
 0.0  0.0 -1.0  0.3571428657 -0.5000000000 -0.5000000000 
 0.0  0.0 -1.0  0.3571428657 -0.3571428657 -0.5000000000 
 0.0  0.0 -1.0  0.5000000000 -0.3571428657 -0.5000000000 
 0.0  0.0 -1.0  0.5000000000 -0.5000000000 -0.5000000000 
 0.0  0.0 -1.0 -0.5000000000 -0.3571428657 -0.5000000000 
 0.0  0.0 -1.0 -0.5000000000 -0.2142857164 -0.5000000000 
 0.0  0.0 -1.0 -0.3571428657 -0.2142857164 -0.5000000000 
 0.0  0.0 -1.0 -0.3571428657 -0.3571428657 -0.5000000000 
 0.0  0.0 -1.0 -0.3571428657 -0.3571428657 -0.5000000000 
 0.0  0.0 -1.0 -0.3571428657 -0.2142857164 -0.5000000000 
 0.0  0.0 -1.0 -0.2142857164 -0.2142857164 -0.5000000000 
 0.0  0.0 -1.0 -0.2142857164 -0.3571428657 -0.5000000000 
 0.0  0.0 -1.0 -0.2142857164 -0.3571428657 -0.5000000000 
 0.0  0.0 -1.0 -0.2142857164 -0.2142857164 -0.5000000000 
 0.0  0.0 -1.0 -0.0714285672 -0.2142857164 -0.5000000000 
 0.0  0.0 -1.0 -0.0714285672 -0.3571428657 -0.5000000000 
 0.0  0.0 -1.0 -0.0714285672 -0.3571428657 -0.5000000000 
 0.0  0.0 -1.0 -0.0714285672 -0.2142857164 -0.5000000000 
 0.0  0.0 -1.0  0.0714285821 -0.2142857164 -0.5000000000 
 0.0  0.0 -1.0  0.0714285821 -0.3571428657 -0.5000000000 
 0.0  0.0 -1.0  0.0714285821 -0.3571428657 -0.5000000000 
 0.0  0.0 -1.0  0.0714285821 -0.2142857164 -0.5000000000 
 0.0  0.0 -1.0  0.2142857313 -0.2142857164 -0.5000000000 
 0.0  0.0 -1.0  0.2142857313 -0.3571428657 -0.5000000000 
 0.0  0.0 -1.0  0.2142857313 -0.3571428657 -0.5000000000 
 0.0  0.0 -1.0  0.2142857313 -0.2142857164 -0.5000000000 
 0.0  0.0 -1.0  0.3571428657 -0.2142857164 -0.5000000000 
 0.0  0.0 -1.0  0.3571428657 -0.3571428657 -0.5000000000 
 0.0  0.0 -1.0  0.3571428657 -0.3571428657 -0.5000000000 
 0.0  0.0 -1.0  0.3571428657 -0.2142857164 -0.5000000000 
 0.0  0.0 -1.0  0.5000000000 -0.2142857164 -0.5000000000 
 0.0  0.0 -1.0  0.5000000000 -0.3571428657 -0.5000000000 
 0.0  0.0 -1.0 -0.5000000000 -0.2142857164 -0.5000000000 
 0.0  0.0 -1.0 -0.5000000000 -0.0714285672 -0.5000000000 
 0.0  0.0 -1.0 -0.3571428657 -0.0714285672 -0.5000000000 
 0.0  0.0 -1.0 -0.3571428657 -0.2142857164 -0.5000000000 
 0.0  0.0 -1.0 -0.3571428657 -0.2142857164 -0.5000000000 
 0.0  0.0 -1.0 -0.3571428657 -0.0714285672 -0.5000000000 
 0.0  0.0 -1.0 -0.2142857164 -0.0714285672 -0.5000000000 
 0.0  0.0 -1.0 -0.2142857164 -0.2142857164 -0.5000000000 
 0.0  0.0 -1.0 -0.2142857164 -0.2142857164 -0.5000000000 
 0.0  0.0 -1.0 -0.2142857164 -0.0714285672 -0.5000000000 
 0.0  0.0 -1.0 -0.0714285672 -0.0714285672 -0.5000000000 
 0.0  0.0 -1.0 -0.0714285672 -0.2142857164 -0.5000000000 
 0.0  0.0 -1.0 -0.0714285672 -0.2142857164 -0.5000000000 
 0.0  0.0 -1.0 -0.0714285672 -0.0714285672 -0.5000000000 
 0.0  0.0 -1.0  0.0714285821 -0.0714285672 -0.5000000000 
 0.0  0.0 -1.0  0.0714285821 -0.2142857164 -0.5000000000 
 0.0  0.0 -1.0  0.0714285821 -0.2142857164 -0.5000000000 
 0.0  0.0 -1.0  0.0714285821 -0.0714285672 -0.5000000000 
 0.0  0.0 -1.0  0.2142857313 -0.0714285672 -0.5000000000 
 0.0  0.0 -1.0  0.2142857313 -0.2142857164 -0.5000000000 
 0.0  0.0 -1.0  0.2142857313 -0.2142857164 -0.5000000000 
 0.0  0.0 -1.0  0.2142857313 -0.0714285672 -0.5000000000 
 0.0  0.0 -1.0  0.3571428657 -0.0714285672 -0.5000000000 
 0.0  0.0 -1.0  0.3571428657 -0.2142857164 -0.5000000000 
 0.0  0.0 -1.0  0.3571428657 -0.2142857164 -0.5000000000 
 0.0  0.0 -1.0  0.3571428657 -0.0714285672 -0.5000000000 
 0.0  0.0 -1.0  0.5000000000 -0.0714285672 -0.5000000000 
 0.0  0.0 -1.0  0.5000000000 -0.2142857164 -0.5000000000 
 0.0  0.0 -1.0 -0.5000000000 -0.0714285672 -0.5000000000 
 0.0  0.0 -1.0 -0.5000000000  0.0714285821 -0.5000000000 
 0.0  0.0 -1.0 -0.3571428657  0.0714285821 -0.5000000000 
 0.0  0.0 -1.0 -0.3571428657 -0.0714285672 -0.5000000000 
 0.0  0.0 -1.0 -0.3571428657 -0.0714285672 -0.5000000000 
 0.0  0.0 -1.0 -0.3571428657  0.0714285821 -0.5000000000 
 0.0  0.0 -1.0 -0.2142857164  0.0714285821 -0.5000000000 
 0.0  0.0 -1.0 -0.2142857164 -0.0714285672 -0.5000000000 
 0.0  0.0 -1.0 -0.2142857164 -0.0714285672 -0.5000000000 
 0.0  0.0 -1.0 -0.2142857164  0.0714285821 -0.5000000000 
 0.0  0.0 -1.0 -0.0714285672  0.0714285821 -0.5000000000 
 0.0  0.0 -1.0 -0.0714285672 -0.0714285672 -0.5000000000 
 0.0  0.0 -1.0 -0.0714285672 -0.0714285672 -0.5000000000 
 0.0  0.0 -1.0 -0.0714285672  0.0714285821 -0.5000000000 
 0.0  0.0 -1.0  0.0714285821  0.0714285821 -0.5000000000 
 0.0  0.0 -1.0  0.0714285821 -0.0714285672 -0.5000000000 
 0.0  0.0 -1.0  0.0714285821 -0.0714285672 -0.5000000000 
 0.0  0.0 -1.0  0.0714285821  0.0714285821 -0.5000000000 
 0.0  0.0 -1.0  0.2142857313  0.0714285821 -0.5000000000 
 0.0  0.0 -1.0  0.2142857313 -0.0714285672 -0.5000000000 
 0.0  0.0 -1.0  0.2142857313 -0.0714285672 -0.5000000000 
 0.0  0.0 -1.0  0.2142857313  0.0714285821 -0.5000000000 
 0.0  0.0 -1.0  0.3571428657  0.0714285821 -0.5000000000 
 0.0  0.0 -1.0  0.3571428657 -0.0714285672 -0.5000000000 
 0.0  0.0 -1.0  0.3571428657 -0.0714285672 -0.5000000000 
 0.0  0.0 -1.0  0.3571428657  0.0714285821 -0.5000000000 
 0.0  0.0 -1.0  0.5000000000  0.0714285821 -0.5000000000 
 0.0  0.0 -1.0  0.5000000000 -0.0714285672 -0.5000000000 
 0.0  0.0 -1.0 -0.5000000000  0.0714285821 -0.5000000000 
 0.0  0.0 -1.0 -0.5000000000  0.2142857313 -0.5000000000 
 0.0  0.0 -1.0 -0.3571428657  0.2142857313 -0.5000000000 
 0.0  0.0 -1.0 -0.3571428657  0.0714285821 -0.5000000000 
 0.0  0.0 -1.0 -0.3571428657  0.0714285821 -0.5000000000 
 0.0  0.0 -1.0 -0.3571428657  0.2142857313 -0.5000000000 
 0.0  0.0 -1.0 -0.2142857164  0.2142857313 -0.5000000000 
 0.0  0.0 -1.0 -0.2142857164  0.0714285821 -0.5000000000 
 0.0  0.0 -1.0 -0.2142857164  0.0714285821 -0.5000000000 
 0.0  0.0 -1.0 -0.2142857164  0.2142857313 -0.5000000000 
 0.0  0.0 -1.0 -0.0714285672  0.2142857313 -0.5000000000 
 0.0  0.0 -1.0 -0.0714285672  0.0714285821 -0.5000000000 
 0.0  0.0 -1.0 -0.0714285672  0.0714285821 -0.5000000000 
 0.0  0.0 -1.0 -0.0714285672  0.2142857313 -0.5000000000 
 0.0  0.0 -1.0  0.0714285821  0.2142857313 -0.5000000000 
 0.0  0.0 -1.0  0.0714285821  0.0714285821 -0.5000000000 
 0.0  0.0 -1.0  0.0714285821  0.0714285821 -0.5000000000 
 0.0  0.0 -1.0  0.0714285821  0.2142857313 -0.5000000000 
 0.0  0.0 -1.0  0.2142857313  0.2142857313 -0.5000000000 
 0.0  0.0 -1.0  0.2142857313  0.0714285821 -0.5000000000 
 0.0  0.0 -1.0  0.2142857313  0.0714285821 -0.5000000000 
 0.0  0.0 -1.0  0.2142857313  0.2142857313 -0.5000000000 
 0.0  0.0 -1.0  0.3571428657  0.2142857313 -0.5000000000 
 0.0  0.0 -1.0  0.3571428657  0.0714285821 -0.5000000000 
 0.0  0.0 -1.0  0.3571428657  0.0714285821 -0.5000000000 
 0.0  0.0 -1.0  0.3571428657  0.2142857313 -0.5000000000 
 0.0  0.0 -1.0  0.5000000000  0.2142857313 -0.5000000000 
 0.0  0.0 -1.0  0.5000000000  0.0714285821 -0.5000000000 
 0.0  0.0 -1.0 -0.5000000000  0.2142857313 -0.5000000000 
 0.0  0.0 -1.0 -0.5000000000  0.3571428657 -0.5000000000 
 0.0  0.0 -1.0 -0.3571428657  0.3571428657 -0.5000000000 
 0.0  0.0 -1.0 -0.3571428657  0.2142857313 -0.5000000000 
 0.0  0.0 -1.0 -0.3571428657  0.2142857313 -0.5000000000 
 0.0  0.0 -1.0 -0.3571428657  0.3571428657 -0.5000000000 
 0.0  0.0 -1.0 -0.2142857164  0.3571428657 -0.5000000000 
 0.0  0.0 -1.0 -0.2142857164  0.2142857313 -0.5000000000 
 0.0  0.0 -1.0 -0.2142857164  0.2142857313 -0.5000000000 
 0.0  0.0 -1.0 -0.2142857164  0.3571428657 -0.5000000000 
 0.0  0.0 -1.0 -0.0714285672  0.3571428657 -0.5000000000 
 0.0  0.0 -1.0 -0.0714285672  0.2142857313 -0.5000000000 
 0.0  0.0 -1.0 -0.0714285672  0.2142857313 -0.5000000000 
 0.0  0.0 -1.0 -0.0714285672  0.3571428657 -0.5000000000 
 0.0  0.0 -1.0  0.0714285821  0.3571428657 -0.5000000000 
 0.0  0.0 -1.0  0.0714285821  0.2142857313 -0.5000000000 
 0.0  0.0 -1.0  0.0714285821  0.2142857313 -0.5000000000 
 0.0  0.0 -1.0  0.0714285821  0.3571428657 -0.5000000000 
 0.0  0.0 -1.0  0.2142857313  0.3571428657 -0.5000000000 
 0.0  0.0 -1.0  0.2142857313  0.2142857313 -0.5000000000 
 0.0  0.0 -1.0  0.2142857313  0.2142857313 -0.5000000000 
 0.0  0.0 -1.0  0.2142857313  0.3571428657 -0.5000000000 
 0.0  0.0 -1.0  0.3571428657  0.3571428657 -0.5000000000 
 0.0  0.0 -1.0  0.3571428657  0.2142857313 -0.5000000000 
 0.0  0.0 -1.0  0.3571428657  0.2142857313 -0.5000000000 
 0.0  0.0 -1.0  0.3571428657  0.3571428657 -0.5000000000 
 0.0  0.0 -1.0  0.5000000000  0.3571428657 -0.5000000000 
 0.0  0.0 -1.0  0.5000000000  0.2142857313 -0.5000000000 
 0.0  0.0 -1.0 -0.5000000000  0.3571428657 -0.5000000000 
 0.0  0.0 -1.0 -0.5000000000  0.5000000000 -0.5000000000 
 0.0  0.0 -1.0 -0.3571428657  0.5000000000 -0.5000000000 
 0.0  0.0 -1.0 -0.3571428657  0.3571428657 -0.5000000000 
 0.0  0.0 -1.0 -0.3571428657  0.3571428657 -0.5000000000 
 0.0  0.0 -1.0 -0.3571428657  0.5000000000 -0.5000000000 
 0.0  0.0 -1.0 -0.2142857164  0.5000000000 -0.5000000000 
 0.0  0.0 -1.0 -0.2142857164  0.3571428657 -0.5000000000 
 0.0  0.0 -1.0 -0.2142857164  0.3571428657 -0.5000000000 
 0.0  0.0 -1.0 -0.2142857164  0.5000000000 -0.5000000000 
 0.0  0.0 -1.0 -0.0714285672  0.5000000000 -0.5000000000 
 0.0  0.0 -1.0 -0.0714285672  0.3571428657 -0.5000000000 
 0.0  0.0 -1.0 -0.0714285672  0.3571428657 -0.5000000000 
 0.0  0.0 -1.0 -0.0714285672  0.5000000000 -0.5000000000 
 0.0  0.0 -1.0  0.0714285821  0.5000000000 -0.5000000000 
 0.0  0.0 -1.0  0.0714285821  0.3571428657 -0.5000000000 
 0.0  0.0 -1.0  0.0714285821  0.3571428657 -0.5000000000 
 0.0  0.0 -1.0  0.0714285821  0.5000000000 -0.5000000000 
 0.0  0.0 -1.0  0.2142857313  0.5000000000 -0.5000000000 
 0.0  0.0 -1.0  0.2142857313  0.3571428657 -0.5000000000 
 0.0  0.0 -1.0  0.2142857313  0.3571428657 -0.5000000000 
 0.0  0.0 -1.0  0.2142857313  0.5000000000 -0.5000000000 
 0.0  0.0 -1.0  0.3571428657  0.5000000000 -0.5000000000 
 0.0  0.0 -1.0  0.3571428657  0.3571428657 -0.5000000000 
 0.0  0.0 -1.0  0.3571428657  0.3571428657 -0.5000000000 
 0.0  0.0 -1.0  0.3571428657  0.5000000000 -0.5000000000 
 0.0  0.0 -1.0  0.5000000000  0.5000000000 -0.5000000000 
 0.0  0.0 -1.0  0.5000000000  0.3571428657 -0.5000000000 
-1.0  0.0  0.0 -0.5000000000 -0.5000000000 -0.5000000000 
-1.0  0.0  0.0 -0.5000000000 -0.5000000000 -0.3571428657 
-1.0  0.0  0.0 -0.5000000000 -0.3571428657 -0.3571428657 
-1.0  0.0  0.0 -0.5000000000 -0.3571428657 -0.5000000000 
-1.0  0.0  0.0 -0.5000000000 -0.5000000000 -0.3571428657 
-1.0  0.0  0.0 -0.5000000000 -0.5000000000 -0.2142857164 
-1.0  0.0  0.0 -0.5000000000 -0.3571428657 -0.2142857164 
-1.0  0.0  0.0 -0.5000000000 -0.3571428657 -0.3571428657 
-1.0  0.0  0.0 -0.5000000000 -0.5000000000 -0.2142857164 
-1.0  0.0  0.0 -0.5000000000 -0.5000000000 -0.0714285672 
-1.0  0.0  0.0 -0.5000000000 -0.3571428657 -0.0714285672 
-1.0  0.0  0.0 -0.5000000000 -0.3571428657 -0.2142857164 
-1.0  0.0  0.0 -0.5000000000 -0.5000000000 -0.0714285672 
-1.0  0.0  0.0 -0.5000000000 -0.5000000000  0.0714285821 
-1.0  0.0  0.0 -0.5000000000 -0.3571428657  0.0714285821 
-1.0  0.0  0.0 -0.5000000000 -0.3571428657 -0.0714285672 
-1.0  0.0  0.0 -0.5000000000 -0.5000000000  0.0714285821 
-1.0  0.0  0.0 -0.5000000000 -0.5000000000  0.2142857313 
-1.0  0.0  0.0 -0.5000000000 -0.3571428657  0.2142857313 
-1.0  0.0  0.0 -0.5000000000 -0.3571428657  0.0714285821 
-1.0  0.0  0.0 -0.5000000000 -0.5000000000  0.2142857313 
-1.0  0.0  0.0 -0.5000000000 -0.5000000000  0.3571428657 
-1.0  0.0  0.0 -0.5000000000 -0.3571428657  0.3571428657 
-1.0  0.0  0.0 -0.5000000000 -0.3571428657  0.2142857313 
-1.0  0.0  0.0 -0.5000000000 -0.5000000000  0.3571428657 
-1.0  0.0  0.0 -0.5000000000 -0.5000000000  0.5000000000 
-1.0  0.0  0.0 -0.5000000000 -0.3571428657  0.5000000000 
-1.0  0.0  0.0 -0.5000000000 -0.3571428657  0.3571428657 
-1.0  0.0  0.0 -0.5000000000 -0.3571428657 -0.5000000000 
-1.0  0.0  0.0 -0.5000000000 -0.3571428657 -0.3571428657 
-1.0  0.0  0.0 -0.5000000000 -0.2142857164 -0.3571428657 
-1.0  0.0  0.0 -0.5000000000 -0.2142857164 -0.5000000000 
-1.0  0.0  0.0 -0.5000000000 -0.3571428657 -0.3571428657 
-1.0  0.0  0.0 -0.5000000000 -0.3571428657 -0.2142857164 
-1.0  0.0  0.0 -0.5000000000 -0.2142857164 -0.2142857164 
-1.0  0.0  0.0 -0.5000000000 -0.2142857164 -0.3571428657 
-1.0  0.0  0.0 -0.5000000000 -0.3571428657 -0.2142857164 
-1.0  0.0  0.0 -0.5000000000 -0.3571428657 -0.0714285672 
-1.0  0.0  0.0 -0.5000000000 -0.2142857164 -0.0714285672 
-1.0  0.0  0.0 -0.5000000000 -0.2142857164 -0.2142857164 
-1.0  0.0  0.0 -0.5000000000 -0.3571428657 -0.0714285672 
-1.0  0.0  0.0 -0.5000000000 -0.3571428657  0.0714285821 
-1.0  0.0  0.0 -0.5000000000 -0.2142857164  0.0714285821 
-1.0  0.0  0.0 -0.5000000000 -0.2142857164 -0.0714285672 
-1.0  0.0  0.0 -0.5000000000 -0.3571428657  0.0714285821 
-1.0  0.0  0.0 -0.5000000000 -0.3571428657  0.2142857313 
-1.0  0.0  0.0 -0.5000000000 -0.2142857164  0.2142857313 
-1.0  0.0  0.0 -0.5000000000 -0.2142857164  0.0714285821 
-1.0  0.0  0.0 -0.5000000000 -0.3571428657  0.2142857313 
-1.0  0.0  0.0 -0.5000000000 -0.3571428657  0.3571428657 
-1.0  0.0  0.0 -0.5000000000 -0.2142857164  0.3571428657 
-1.0  0.0  0.0 -0.5000000000 -0.2142857164  0.2142857313 
-1.0  0.0  0.0 -0.5000000000 -0.3571428657  0.3571428657 
-1.0  0.0  0.0 -0.5000000000 -0.3571428657  0.5000000000 
-1.0  0.0  0.0 -0.5000000000 -0.2142857164  0.5000000000 
-1.0  0.0  0.0 -0.5000000000 -0.2142857164  0.3571428657 
-1.0  0.0  0.0 -0.5000000000 -0.2142857164 -0.5000000000 
-1.0  0.0  0.0 -0.5000000000 -0.2142857164 -0.3571428657 
-1.0  0.0  0.0 -0.5000000000 -0.0714285672 -0.3571428657 
-1.0  0.0  0.0 -0.5000000000 -0.0714285672 -0.5000000000 
-1.0  0.0  0.0 -0.5000000000 -0.2142857164 -0.3571428657 
-1.0  0.0  0.0 -0.5000000000 -0.2142857164 -0.2142857164 
-1.0  0.0  0.0 -0.5000000000 -0.0714285672 -0.2142857164 
-1.0  0.0  0.0 -0.5000000000 -0.0714285672 -0.3571428657 
-1.0  0.0  0.0 -0.5000000000 -0.2142857164 -0.2142857164 
-1.0  0.0  0.0 -0.5000000000 -0.2142857164 -0.0714285672 
-1.0  0.0  0.0 -0.5000000000 -0.0714285672 -0.0714285672 
-1.0  0.0  0.0 -0.5000000000 -0.0714285672 -0.2142857164 
-1.0  0.0  0.0 -0.5000000000 -0.2142857164 -0.0714285672 
-1.0  0.0  0.0 -0.5000000000 -0.2142857164  0.0714285821 
-1.0  0.0  0.0 -0.5000000000 -0.0714285672  0.0714285821 
-1.0  0.0  0.0 -0.5000000000 -0.0714285672 -0.0714285672 
-1.0  0.0  0.0 -0.5000000000 -0.2142857164  0.0714285821 
-1.0  0.0  0.0 -0.5000000000 -0.2142857164  0.2142857313 
-1.0  0.0  0.0 -0.5000000000 -0.0714285672  0.2142857313 
-1.0  0.0  0.0 -0.5000000000 -0.0714285672  0.0714285821 
-1.0  0.0  0.0 -0.5000000000 -0.2142857164  0.2142857313 
-1.0  0.0  0.0 -0.5000000000 -0.2142857164  0.3571428657 
-1.0  0.0  0.0 -0.5000000000 -0.0714285672  0.3571428657 
-1.0  0.0  0.0 -0.5000000000 -0.0714285672  0.2142857313 
-1.0  0.0  0.0 -0.5000000000 -0.2142857164  0.3571428657 
-1.0  0.0  0.0 -0.5000000000 -0.2142857164  0.5000000000 
-1.0  0.0  0.0 -0.5000000000 -0.0714285672  0.5000000000 
-1.0  0.0  0.0 -0.5000000000 -0.0714285672  0.3571428657 
-1.0  0.0  0.0 -0.5000000000 -0.0714285672 -0.5000000000 
-1.0  0.0  0.0 -0.5000000000 -0.0714285672 -0.3571428657 
-1.0  0.0  0.0 -0.5000000000  0.0714285821 -0.3571428657 
-1.0  0.0  0.0 -0.5000000000  0.0714285821 -0.5000000000 
-1.0  0.0  0.0 -0.5000000000 -0.0714285672 -0.3571428657 
-1.0  0.0  0.0 -0.5000000000 -0.0714285672 -0.2142857164 
-1.0  0.0  0.0 -0.5000000000  0.0714285821 -0.2142857164 
-1.0  0.0  0.0 -0.5000000000  0.0714285821 -0.3571428657 
-1.0  0.0  0.0 -0.5000000000 -0.0714285672 -0.2142857164 
-1.0  0.0  0.0 -0.5000000000 -0.0714285672 -0.0714285672 
-1.0  0.0  0.0 -0.5000000000  0.0714285821 -0.0714285672 
-1.0  0.0  0.0 -0.5000000000  0.0714285821 -0.2142857164 
-1.0  0.0  0.0 -0.5000000000 -0.0714285672 -0.0714285672 
-1.0  0.0  0.0 -0.5000000000 -0.0714285672  0.0714285821 
-1.0  0.0  0.0 -0.5000000000  0.0714285821  0.0714285821 
-1.0  0.0  0.0 -0.5000000000  0.0714285821 -0.0714285672 
-1.0  0.0  0.0 -0.5000000000 -0.0714285672  0.0714285821 
-1.0  0.0  0.0 -0.5000000000 -0.0714285672  0.2142857313 
-1.0  0.0  0.0 -0.5000000000  0.0714285821  0.2142857313 
-1.0  0.0  0.0 -0.5000000000  0.0714285821  0.0714285821 
-1.0  0.0  0.0 -0.5000000000 -0.0714285672  0.2142857313 
-1.0  0.0  0.0 -0.5000000000 -0.0714285672  0.3571428657 
-1.0  0.0  0.0 -0.5000000000  0.0714285821  0.3571428657 
-1.0  0.0  0.0 -0.5000000000  0.0714285821  0.2142857313 
-1.0  0.0  0.0 -0.5000000000 -0.0714285672  0.3571428657 
-1.0  0.0  0.0 -0.5000000000 -0.0714285672  0.5000000000 
-1.0  0.0  0.0 -0.5000000000  0.0714285821  0.5000000000 
-1.0  0.0  0.0 -0.5000000000  0.0714285821  0.3571428657 
-1.0  0.0  0.0 -0.5000000000  0.0714285821 -0.5000000000 
-1.0  0.0  0.0 -0.5000000000  0.0714285821 -0.3571428657 
-1.0  0.0  0.0 -0.5000000000  0.2142857313 -0.3571428657 
-1.0  0.0  0.0 -0.5000000000  0.2142857313 -0.5000000000 
-1.0  0.0  0.0 -0.5000000000  0.0714285821 -0.3571428657 
-1.0  0.0  0.0 -0.5000000000  0.0714285821 -0.2142857164 
-1.0  0.0  0.0 -0.5000000000  0.2142857313 -0.2142857164 
-1.0  0.0  0.0 -0.5000000000  0.2142857313 -0.3571428657 
-1.0  0.0  0.0 -0.5000000000  0.0714285821 -0.2142857164 
-1.0  0.0  0.0 -0.5000000000  0.0714285821 -0.0714285672 
-1.0  0.0  0.0 -0.5000000000  0.2142857313 -0.0714285672 
-1.0  0.0  0.0 -0.5000000000  0.2142857313 -0.2142857164 
-1.0  0.0  0.0 -0.5000000000  0.0714285821 -0.0714285672 
-1.0  0.0  0.0 -0.5000000000  0.0714285821  0.0714285821 
-1.0  0.0  0.0 -0.5000000000  0.2142857313  0.0714285821 
-1.0  0.0  0.0 -0.5000000000  0.2142857313 -0.0714285672 
-1.0  0.0  0.0 -0.5000000000  0.0714285821  0.0714285821 
-1.0  0.0  0.0 -0.5000000000  0.0714285821  0.2142857313 
-1.0  0.0  0.0 -0.5000000000  0.2142857313  0.2142857313 
-1.0  0.0  0.0 -0.5000000000  0.2142857313  0.0714285821 
-1.0  0.0  0.0 -0.5000000000  0.0714285821  0.2142857313 
-1.0  0.0  0.0 -0.5000000000  0.0714285821  0.3571428657 
-1.0  0.0  0.0 -0.5000000000  0.2142857313  0.3571428657 
-1.0  0.0  0.0 -0.5000000000  0.2142857313  0.2142857313 
-1.0  0.0  0.0 -0.5000000000  0.0714285821  0.3571428657 
-1.0  0.0  0.0 -0.5000000000  0.0714285821  0.5000000000 
-1.0  0.0  0.0 -0.5000000000  0.2142857313  0.5000000000 
-1.0  0.0  0.0 -0.5000000000  0.2142857313  0.3571428657 
-1.0  0.0  0.0 -0.5000000000  0.2142857313 -0.5000000000 
-1.0  0.0  0.0 -0.5000000000  0.2142857313 -0.3571428657 
-1.0  0.0  0.0 -0.5000000000  0.3571428657 -0.3571428657 
-1.0  0.0  0.0 -0.5000000000  0.3571428657 -0.5000000000 
-1.0  0.0  0.0 -0.5000000000  0.2142857313 -0.3571428657 
-1.0  0.0  0.0 -0.5000000000  0.2142857313 -0.2142857164 
-1.0  0.0  0.0 -0.5000000000  0.3571428657 -0.2142857164 
-1.0  0.0  0.0 -0.5000000000  0.3571428657 -0.3571428657 
-1.0  0.0  0.0 -0.5000000000  0.2142857313 -0.2142857164 
-1.0  0.0  0.0 -0.5000000000  0.2142857313 -0.0714285672 
-1.0  0.0  0.0 -0.5000000000  0.3571428657 -0.0714285672 
-1.0  0.0  0.0 -0.5000000000  0.3571428657 -0.2142857164 
-1.0  0.0  0.0 -0.5000000000  0.2142857313 -0.0714285672 
-1.0  0.0  0.0 -0.5000000000  0.2142857313  0.0714285821 
-1.0  0.0  0.0 -0.5000000000  0.3571428657  0.0714285821 
-1.0  0.0  0.0 -0.5000000000  0.3571428657 -0.0714285672 
-1.0  0.0  0.0 -0.5000000000  0.2142857313  0.0714285821 
-1.0  0.0  0.0 -0.5000000000  0.2142857313  0.2142857313 
-1.0  0.0  0.0 -0.5000000000  0.3571428657  0.2142857313 
-1.0  0.0  0.0 -0.5000000000  0.3571428657  0.0714285821 
-1.0  0.0  0.0 -0.5000000000  0.2142857313  0.2142857313 
-1.0  0.0  0.0 -0.5000000000  0.2142857313  0.3571428657 
-1.0  0.0  0.0 -0.5000000000  0.3571428657  0.3571428657 
-1.0  0.0  0.0 -0.5000000000  0.3571428657  0.2142857313 
-1.0  0.0  0.0 -0.5000000000  0.2142857313  0.3571428657 
-1.0  0.0  0.0 -0.5000000000  0.2142857313  0.5000000000 
-1.0  0.0  0.0 -0.5000000000  0.3571428657  0.5000000000 
-1.0  0.0  0.0 -0.5000000000  0.3571428657  0.3571428657 
-1.0  0.0  0.0 -0.5000000000  0.3571428657 -0.5000000000 
-1.0  0.0  0.0 -0.5000000000  0.3571428657 -0.3571428657 
-1.0  0.0  0.0 -0.5000000000  0.5000000000 -0.3571428657 
-1.0  0.0  0.0 -0.5000000000  0.5000000000 -0.5000000000 
-1.0  0.0  0.0 -0.5000000000  0.3571428657 -0.3571428657 
-1.0  0.0  0.0 -0.5000000000  0.3571428657 -0.2142857164 
-1.0  0.0  0.0 -0.5000000000  0.5000000000 -0.2142857164 
-1.0  0.0  0.0 -0.5000000000  0.5000000000 -0.3571428657 
-1.0  0.0  0.0 -0.5000000000  0.3571428657 -0.2142857164 
-1.0  0.0  0.0 -0.5000000000  0.3571428657 -0.0714285672 
-1.0  0.0  0.0 -0.5000000000  0.5000000000 -0.0714285672 
-1.0  0.0  0.0 -0.5000000000  0.5000000000 -0.2142857164 
-1.0  0.0  0.0 -0.5000000000  0.3571428657 -0.0714285672 
-1.0  0.0  0.0 -0.5000000000  0.3571428657  0.0714285821 
-1.0  0.0  0.0 -0.5000000000  0.5000000000  0.0714285821 
-1.0  0.0  0.0 -0.5000000000  0.5000000000 -0.0714285672 
-1.0  0.0  0.0 -0.5000000000  0.3571428657  0.0714285821 
-1.0  0.0  0.0 -0.5000000000  0.3571428657  0.2142857313 
-1.0  0.0  0.0 -0.5000000000  0.5000000000  0.2142857313 
-1.0  0.0  0.0 -0.5000000000  0.5000000000  0.0714285821 
-1.0  0.0  0.0 -0.5000000000  0.3571428657  0.2142857313 
-1.0  0.0  0.0 -0.5000000000  0.3571428657  0.3571428657 
-1.0  0.0  0.0 -0.5000000000  0.5000000000  0.3571428657 
-1.0  0.0  0.0 -0.5000000000  0.5000000000  0.2142857313 
-1.0  0.0  0.0 -0.5000000000  0.3571428657  0.3571428657 
-1.0  0.0  0.0 -0.5000000000  0.3571428657  0.5000000000 
-1.0  0.0  0.0 -0.5000000000  0.5000000000  0.5000000000 
-1.0  0.0  0.0 -0.5000000000  0.5000000000  0.3571428657 
 1.0  0.0  0.0  0.5000000000 -0.5000000000 -0.5000000000 
 1.0  0.0  0.0  0.5000000000 -0.3571428657 -0.5000000000 
 1.0  0.0  0.0  0.5000000000 -0.3571428657 -0.3571428657 
 1.0  0.0  0.0  0.5000000000 -0.5000000000 -0.3571428657 
 1.0  0.0  0.0  0.5000000000 -0.5000000000 -0.3571428657 
 1.0  0.0  0.0  0.5000000000 -0.3571428657 -0.3571428657 
 1.0  0.0  0.0  0.5000000000 -0.3571428657 -0.2142857164 
 1.0  0.0  0.0  0.5000000000 -0.5000000000 -0.2142857164 
 1.0  0.0  0.0  0.5000000000 -0.5000000000 -0.2142857164 
 1.0  0.0  0.0  0.5000000000 -0.3571428657 -0.2142857164 
 1.0  0.0  0.0  0.5000000000 -0.3571428657 -0.0714285672 
 1.0  0.0  0.0  0.5000000000 -0.5000000000 -0.0714285672 
 1.0  0.0  0.0  0.5000000000 -0.5000000000 -0.0714285672 
 1.0  0.0  0.0  0.5000000000 -0.3571428657 -0.0714285672 
 1.0  0.0  0.0  0.5000000000 -0.3571428657  0.0714285821 
 1.0  0.0  0.0  0.5000000000 -0.5000000000  0.0714285821 
 1.0  0.0  0.0  0.5000000000 -0.5000000000  0.0714285821 
 1.0  0.0  0.0  0.5000000000 -0.3571428657  0.0714285821 
 1.0  0.0  0.0  0.5000000000 -0.3571428657  0.2142857313 
 1.0  0.0  0.0  0.5000000000 -0.5000000000  0.2142857313 
 1.0  0.0  0.0  0.5000000000 -0.5000000000  0.2142857313 
 1.0  0.0  0.0  0.5000000000 -0.3571428657  0.2142857313 
 1.0  0.0  0.0  0.5000000000 -0.3571428657  0.3571428657 
 1.0  0.0  0.0  0.5000000000 -0.5000000000  0.3571428657 
 1.0  0.0  0.0  0.5000000000 -0.5000000000  0.3571428657 
 1.0  0.0  0.0  0.5000000000 -0.3571428657  0.3571428657 
 1.0  0.0  0.0  0.5000000000 -0.3571428657  0.5000000000 
 1.0  0.0  0.0  0.5000000000 -0.5000000000  0.5000000000 
 1.0  0.0  0.0  0.5000000000 -0.3571428657 -0.5000000000 
 1.0  0.0  0.0  0.5000000000 -0.2142857164 -0.5000000000 
 1.0  0.0  0.0  0.5000000000 -0.2142857164 -0.3571428657 
 1.0  0.0  0.0  0.5000000000 -0.3571428657 -0.3571428657 
 1.0  0.0  0.0  0.5000000000 -0.3571428657 -0.3571428657 
 1.0  0.0  0.0  0.5000000000 -0.2142857164 -0.3571428657 
 1.0  0.0  0.0  0.5000000000 -0.2142857164 -0.2142857164 
 1.0  0.0  0.0  0.5000000000 -0.3571428657 -0.2142857164 
 1.0  0.0  0.0  0.5000000000 -0.3571428657 -0.2142857164 
 1.0  0.0  0.0  0.5000000000 -0.2142857164 -0.2142857164 
 1.0  0.0  0.0  0.5000000000 -0.2142857164 -0.0714285672 
 1.0  0.0  0.0  0.5000000000 -0.3571428657 -0.0714285672 
 1.0  0.0  0.0  0.5000000000 -0.3571428657 -0.0714285672 
 1.0  0.0  0.0  0.5000000000 -0.2142857164 -0.0714285672 
 1.0  0.0  0.0  0.5000000000 -0.2142857164  0.0714285821 
 1.0  0.0  0.0  0.5000000000 -0.3571428657  0.0714285821 
 1.0  0.0  0.0  0.5000000000 -0.3571428657  0.0714285821 
 1.0  0.0  0.0  0.5000000000 -0.2142857164  0.0714285821 
 1.0  0.0  0.0  0.5000000000 -0.2142857164  0.2142857313 
 1.0  0.0  0.0  0.5000000000 -0.3571428657  0.2142857313 
 1.0  0.0  0.0  0.5000000000 -0.3571428657  0.2142857313 
 1.0  0.0  0.0  0.5000000000 -0.2142857164  0.2142857313 
 1.0  0.0  0.0  0.5000000000 -0.2142857164  0.3571428657 
 1.0  0.0  0.0  0.5000000000 -0.3571428657  0.3571428657 
 1.0  0.0  0.0  0.5000000000 -0.3571428657  0.3571428657 
 1.0  0.0  0.0  0.5000000000 -0.2142857164  0.3571428657 
 1.0  0.0  0.0  0.5000000000 -0.2142857164  0.5000000000 
 1.0  0.0  0.0  0.5000000000 -0.3571428657  0.5000000000 
 1.0  0.0  0.0  0.5000000000 -0.2142857164 -0.5000000000 
 1.0  0.0  0.0  0.5000000000 -0.0714285672 -0.5000000000 
 1.0  0.0  0.0  0.5000000000 -0.0714285672 -0.3571428657 
 1.0  0.0  0.0  0.5000000000 -0.2142857164 -0.3571428657 
 1.0  0.0  0.0  0.5000000000 -0.2142857164 -0.3571428657 
 1.0  0.0  0.0  0.5000000000 -0.0714285672 -0.3571428657 
 1.0  0.0  0.0  0.5000000000 -0.0714285672 -0.2142857164 
 1.0  0.0  0.0  0.5000000000 -0.2142857164 -0.2142857164 
 1.0  0.0  0.0  0.5000000000 -0.2142857164 -0.2142857164 
 1.0  0.0  0.0  0.5000000000 -0.0714285672 -0.2142857164 
 1.0  0.0  0.0  0.5000000000 -0.0714285672 -0.0714285672 
 1.0  0.0  0.0  0.5000000000 -0.2142857164 -0.0714285672 
 1.0  0.0  0.0  0.5000000000 -0.2142857164 -0.0714285672 
 1.0  0.0  0.0  0.5000000000 -0.0714285672 -0.0714285672 
 1.0  0.0  0.0  0.5000000000 -0.0714285672  0.0714285821 
 1.0  0.0  0.0  0.5000000000 -0.2142857164  0.0714285821 
 1.0  0.0  0.0  0.5000000000 -0.2142857164  0.0714285821 
 1.0  0.0  0.0  0.5000000000 -0.0714285672  0.0714285821 
 1.0  0.0  0.0  0.5000000000 -0.0714285672  0.2142857313 
 1.0  0.0  0.0  0.5000000000 -0.2142857164  0.2142857313 
 1.0  0.0  0.0  0.5000000000 -0.2142857164  0.2142857313 
 1.0  0.0  0.0  0.5000000000 -0.0714285672  0.2142857313 
 1.0  0.0  0.0  0.5000000000 -0.0714285672  0.3571428657 
 1.0  0.0  0.0  0.5000000000 -0.2142857164  0.3571428657 
 1.0  0.0  0.0  0.5000000000 -0.2142857164  0.3571428657 
 1.0  0.0  0.0  0.5000000000 -0.0714285672  0.3571428657 
 1.0  0.0  0.0  0.5000000000 -0.0714285672  0.5000000000 
 1.0  0.0  0.0  0.5000000000 -0.2142857164  0.5000000000 
 1.0  0.0  0.0  0.5000000000 -0.0714285672 -0.5000000000 
 1.0  0.0  0.0  0.5000000000  0.0714285821 -0.5000000000 
 1.0  0.0  0.0  0.5000000000  0.0714285821 -0.3571428657 
 1.0  0.0  0.0  0.5000000000 -0.0714285672 -0.3571428657 
 1.0  0.0  0.0  0.5000000000 -0.0714285672 -0.3571428657 
 1.0  0.0  0.0  0.5000000000  0.0714285821 -0.3571428657 
 1.0  0.0  0.0  0.5000000000  0.0714285821 -0.2142857164 
 1.0  0.0  0.0  0.5000000000 -0.0714285672 -0.2142857164 
 1.0  0.0  0.0  0.5000000000 -0.0714285672 -0.2142857164 
 1.0  0.0  0.0  0.5000000000  0.0714285821 -0.2142857164 
 1.0  0.0  0.0  0.5000000000  0.0714285821 -0.0714285672 
 1.0  0.0  0.0  0.5000000000 -0.0714285672 -0.0714285672 
 1.0  0.0  0.0  0.5000000000 -0.0714285672 -0.0714285672 
 1.0  0.0  0.0  0.5000000000  0.0714285821 -0.0714285672 
 1.0  0.0  0.0  0.5000000000  0.0714285821  0.0714285821 
 1.0  0.0  0.0  0.5000000000 -0.0714285672  0.0714285821 
 1.0  0.0  0.0  0.5000000000 -0.0714285672  0.0714285821 
 1.0  0.0  0.0  0.5000000000  0.0714285821  0.0714285821 
 1.0  0.0  0.0  0.5000000000  0.0714285821  0.2142857313 
 1.0  0.0  0.0  0.5000000000 -0.0714285672  0.2142857313 
 1.0  0.0  0.0  0.5000000000 -0.0714285672  0.2142857313 
 1.0  0.0  0.0  0.5000000000  0.0714285821  0.2142857313 
 1.0  0.0  0.0  0.5000000000  0.0714285821  0.3571428657 
 1.0  0.0  0.0  0.5000000000 -0.0714285672  0.3571428657 
 1.0  0.0  0.0  0.5000000000 -0.0714285672  0.3571428657 
 1.0  0.0  0.0  0.5000000000  0.0714285821  0.3571428657 
 1.0  0.0  0.0  0.5000000000  0.0714285821  0.5000000000 
 1.0  0.0  0.0  0.5000000000 -0.0714285672  0.5000000000 
 1.0  0.0  0.0  0.5000000000  0.0714285821 -0.5000000000 
 1.0  0.0  0.0  0.5000000000  0.2142857313 -0.5000000000 
 1.0  0.0  0.0  0.5000000000  0.2142857313 -0.3571428657 
 1.0  0.0  0.0  0.5000000000  0.0714285821 -0.3571428657 
 1.0  0.0  0.0  0.5000000000  0.0714285821 -0.3571428657 
 1.0  0.0  0.0  0.5000000000  0.2142857313 -0.3571428657 
 1.0  0.0  0.0  0.5000000000  0.2142857313 -0.2142857164 
 1.0  0.0  0.0  0.5000000000  0.0714285821 -0.2142857164 
 1.0  0.0  0.0  0.5000000000  0.0714285821 -0.2142857164 
 1.0  0.0  0.0  0.5000000000  0.2142857313 -0.2142857164 
 1.0  0.0  0.0  0.5000000000  0.2142857313 -0.0714285672 
 1.0  0.0  0.0  0.5000000000  0.0714285821 -0.0714285672 
 1.0  0.0  0.0  0.5000000000  0.0714285821 -0.0714285672 
 1.0  0.0  0.0  0.5000000000  0.2142857313 -0.0714285672 
 1.0  0.0  0.0  0.5000000000  0.2142857313  0.0714285821 
 1.0  0.0  0.0  0.5000000000  0.0714285821  0.0714285821 
 1.0  0.0  0.0  0.5000000000  0.0714285821  0.0714285821 
 1.0  0.0  0.0  0.5000000000  0.2142857313  0.0714285821 
 1.0  0.0  0.0  0.5000000000  0.2142857313  0.2142857313 
 1.0  0.0  0.0  0.5000000000  0.0714285821  0.2142857313 
 1.0  0.0  0.0  0.5000000000  0.0714285821  0.2142857313 
 1.0  0.0  0.0  0.5000000000  0.2142857313  0.2142857313 
 1.0  0.0  0.0  0.5000000000  0.2142857313  0.3571428657 
 1.0  0.0  0.0  0.5000000000  0.0714285821  0.3571428657 
 1.0  0.0  0.0  0.5000000000  0.0714285821  0.3571428657 
 1.0  0.0  0.0  0.5000000000  0.2142857313  0.3571428657 
 1.0  0.0  0.0  0.5000000000  0.2142857313  0.5000000000 
 1.0  0.0  0.0  0.5000000000  0.0714285821  0.5000000000 
 1.0  0.0  0.0  0.5000000000  0.2142857313 -0.5000000000 
 1.0  0.0  0.0  0.5000000000  0.3571428657 -0.5000000000 
 1.0  0.0  0.0  0.5000000000  0.3571428657 -0.3571428657 
 1.0  0.0  0.0  0.5000000000  0.2142857313 -0.3571428657 
 1.0  0.0  0.0  0.5000000000  0.2142857313 -0.3571428657 
 1.0  0.0  0.0  0.5000000000  0.3571428657 -0.3571428657 
 1.0  0.0  0.0  0.5000000000  0.3571428657 -0.2142857164 
 1.0  0.0  0.0  0.5000000000  0.2142857313 -0.2142857164 
 1.0  0.0  0.0  0.5000000000  0.2142857313 -0.2142857164 
 1.0  0.0  0.0  0.5000000000  0.3571428657 -0.2142857164 
 1.0  0.0  0.0  0.5000000000  0.3571428657 -0.0714285672 
 1.0  0.0  0.0  0.5000000000  0.2142857313 -0.0714285672 
 1.0  0.0  0.0  0.5000000000  0.2142857313 -0.0714285672 
 1.0  0.0  0.0  0.5000000000  0.3571428657 -0.0714285672 
 1.0  0.0  0.0  0.5000000000  0.3571428657  0.0714285821 
 1.0  0.0  0.0  0.5000000000  0.2142857313  0.0714285821 
 1.0  0.0  0.0  0.5000000000  0.2142857313  0.0714285821 
 1.0  0.0  0.0  0.5000000000  0.3571428657  0.0714285821 
 1.0  0.0  0.0  0.5000000000  0.3571428657  0.2142857313 
 1.0  0.0  0.0  0.5000000000  0.2142857313  0.2142857313 
 1.0  0.0  0.0  0.5000000000  0.2142857313  0.2142857313 
 1.0  0.0  0.0  0.5000000000  0.3571428657  0.2142857313 
 1.0  0.0  0.0  0.5000000000  0.3571428657  0.3571428657 
 1.0  0.0  0.0  0.5000000000  0.2142857313  0.3571428657 
 1.0  0.0  0.0  0.5000000000  0.2142857313  0.3571428657 
 1.0  0.0  0.0  0.5000000000  0.3571428657  0.3571428657 
 1.0  0.0  0.0  0.5000000000  0.3571428657  0.5000000000 
 1.0  0.0  0.0  0.5000000000  0.2142857313  0.5000000000 
 1.0  0.0  0.0  0.5000000000  0.3571428657 -0.5000000000 
 1.0  0.0  0.0  0.5000000000  0.5000000000 -0.5000000000 
 1.0  0.0  0.0  0.5000000000  0.5000000000 -0.3571428657 
 1.0  0.0  0.0  0.5000000000  0.3571428657 -0.3571428657 
 1.0  0.0  0.0  0.5000000000  0.3571428657 -0.3571428657 
 1.0  0.0  0.0  0.5000000000  0.5000000000 -0.3571428657 
 1.0  0.0  0.0  0.5000000000  0.5000000000 -0.2142857164 
 1.0  0.0  0.0  0.5000000000  0.3571428657 -0.2142857164 
 1.0  0.0  0.0  0.5000000000  0.3571428657 -0.2142857164 
 1.0  0.0  0.0  0.5000000000  0.5000000000 -0.2142857164 
 1.0  0.0  0.0  0.5000000000  0.5000000000 -0.0714285672 
 1.0  0.0  0.0  0.5000000000  0.3571428657 -0.0714285672 
 1.0  0.0  0.0  0.5000000000  0.3571428657 -0.0714285672 
 1.0  0.0  0.0  0.5000000000  0.5000000000 -0.0714285672 
 1.0  0.0  0.0  0.5000000000  0.5000000000  0.0714285821 
 1.0  0.0  0.0  0.5000000000  0.3571428657  0.0714285821 
 1.0  0.0  0.0  0.5000000000  0.3571428657  0.0714285821 
 1.0  0.0  0.0  0.5000000000  0.5000000000  0.0714285821 
 1.0  0.0  0.0  0.5000000000  0.5000000000  0.2142857313 
 1.0  0.0  0.0  0.5000000000  0.3571428657  0.2142857313 
 1.0  0.0  0.0  0.5000000000  0.3571428657  0.2142857313 
 1.0  0.0  0.0  0.5000000000  0.5000000000  0.2142857313 
 1.0  0.0  0.0  0.5000000000  0.5000000000  0.3571428657 
 1.0  0.0  0.0  0.5000000000  0.3571428657  0.3571428657 
 1.0  0.0  0.0  0.5000000000  0.3571428657  0.3571428657 
 1.0  0.0  0.0  0.5000000000  0.5000000000  0.3571428657 
 1.0  0.0  0.0  0.5000000000  0.5000000000  0.5000000000 
 1.0  0.0  0.0  0.5000000000  0.3571428657  0.5000000000 
 0.0  1.0  0.0 -0.5000000000  0.5000000000 -0.5000000000 
 0.0  1.0  0.0 -0.5000000000  0.5000000000 -0.3571428657 
 0.0  1.0  0.0 -0.3571428657  0.5000000000 -0.3571428657 
 0.0  1.0  0.0 -0.3571428657  0.5000000000 -0.5000000000 
 0.0  1.0  0.0 -0.5000000000  0.5000000000 -0.3571428657 
 0.0  1.0  0.0 -0.5000000000  0.5000000000 -0.2142857164 
 0.0  1.0  0.0 -0.3571428657  0.5000000000 -0.2142857164 
 0.0  1.0  0.0 -0.3571428657  0.5000000000 -0.3571428657 
 0.0  1.0  0.0 -0.5000000000  0.5000000000 -0.2142857164 
 0.0  1.0  0.0 -0.5000000000  0.5000000000 -0.0714285672 
 0.0  1.0  0.0 -0.3571428657  0.5000000000 -0.0714285672 
 0.0  1.0  0.0 -0.3571428657  0.5000000000 -0.2142857164 
 0.0  1.0  0.0 -0.5000000000  0.5000000000 -0.0714285672 
 0.0  1.0  0.0 -0.5000000000  0.5000000000  0.0714285821 
 0.0  1.0  0.0 -0.3571428657  0.5000000000  0.0714285821 
 0.0  1.0  0.0 -0.3571428657  0.5000000000 -0.0714285672 
 0.0  1.0  0.0 -0.5000000000  0.5000000000  0.0714285821 
 0.0  1.0  0.0 -0.5000000000  0.5000000000  0.2142857313 
 0.0  1.0  0.0 -0.3571428657  0.5000000000  0.2142857313 
 0.0  1.0  0.0 -0.3571428657  0.5000000000  0.0714285821 
 0.0  1.0  0.0 -0.5000000000  0.5000000000  0.2142857313 
 0.0  1.0  0.0 -0.5000000000  0.5000000000  0.3571428657 
 0.0  1.0  0.0 -0.3571428657  0.5000000000  0.3571428657 
 0.0  1.0  0.0 -0.3571428657  0.5000000000  0.2142857313 
 0.0  1.0  0.0 -0.5000000000  0.5000000000  0.3571428657 
 0.0  1.0  0.0 -0.5000000000  0.5000000000  0.5000000000 
 0.0  1.0  0.0 -0.3571428657  0.5000000000  0.5000000000 
 0.0  1.0  0.0 -0.3571428657  0.5000000000  0.3571428657 
 0.0  1.0  0.0 -0.3571428657  0.5000000000 -0.5000000000 
 0.0  1.0  0.0 -0.3571428657  0.5000000000 -0.3571428657 
 0.0  1.0  0.0 -0.2142857164  0.5000000000 -0.3571428657 
 0.0  1.0  0.0 -0.2142857164  0.5000000000 -0.5000000000 
 0.0  1.0  0.0 -0.3571428657  0.5000000000 -0.3571428657 
 0.0  1.0  0.0 -0.3571428657  0.5000000000 -0.2142857164 
 0.0  1.0  0.0 -0.2142857164  0.5000000000 -0.2142857164 
 0.0  1.0  0.0 -0.2142857164  0.5000000000 -0.3571428657 
 0.0  1.0  0.0 -0.3571428657  0.5000000000 -0.2142857164 
 0.0  1.0  0.0 -0.3571428657  0.5000000000 -0.0714285672 
 0.0  1.0  0.0 -0.2142857164  0.5000000000 -0.0714285672 
 0.0  1.0  0.0 -0.2142857164  0.5000000000 -0.2142857164 
 0.0  1.0  0.0 -0.3571428657  0.5000000000 -0.0714285672 
 0.0  1.0  0.0 -0.3571428657  0.5000000000  0.0714285821 
 0.0  1.0  0.0 -0.2142857164  0.5000000000  0.0714285821 
 0.0  1.0  0.0 -0.2142857164  0.5000000000 -0.0714285672 
 0.0  1.0  0.0 -0.3571428657  0.5000000000  0.0714285821 
 0.0  1.0  0.0 -0.3571428657  0.5000000000  0.2142857313 
 0.0  1.0  0.0 -0.2142857164  0.5000000000  0.2142857313 
 0.0  1.0  0.0 -0.2142857164  0.5000000000  0.0714285821 
 0.0  1.0  0.0 -0.3571428657  0.5000000000  0.2142857313 
 0.0  1.0  0.0 -0.3571428657  0.5000000000  0.3571428657 
 0.0  1.0  0.0 -0.2142857164  0.5000000000  0.3571428657 
 0.0  1.0  0.0 -0.2142857164  0.5000000000  0.2142857313 
 0.0  1.0  0.0 -0.3571428657  0.5000000000  0.3571428657 
 0.0  1.0  0.0 -0.3571428657  0.5000000000  0.5000000000 
 0.0  1.0  0.0 -0.2142857164  0.5000000000  0.5000000000 
 0.0  1.0  0.0 -0.2142857164  0.5000000000  0.3571428657 
 0.0  1.0  0.0 -0.2142857164  0.5000000000 -0.5000000000 
 0.0  1.0  0.0 -0.2142857164  0.5000000000 -0.3571428657 
 0.0  1.0  0.0 -0.0714285672  0.5000000000 -0.3571428657 
 0.0  1.0  0.0 -0.0714285672  0.5000000000 -0.5000000000 
 0.0  1.0  0.0 -0.2142857164  0.5000000000 -0.3571428657 
 0.0  1.0  0.0 -0.2142857164  0.5000000000 -0.2142857164 
 0.0  1.0  0.0 -0.0714285672  0.5000000000 -0.2142857164 
 0.0  1.0  0.0 -0.0714285672  0.5000000000 -0.3571428657 
 0.0  1.0  0.0 -0.2142857164  0.5000000000 -0.2142857164 
 0.0  1.0  0.0 -0.2142857164  0.5000000000 -0.0714285672 
 0.0  1.0  0.0 -0.0714285672  0.5000000000 -0.0714285672 
 0.0  1.0  0.0 -0.0714285672  0.5000000000 -0.2142857164 
 0.0  1.0  0.0 -0.2142857164  0.5000000000 -0.0714285672 
 0.0  1.0  0.0 -0.2142857164  0.5000000000  0.0714285821 
 0.0  1.0  0.0 -0.0714285672  0.5000000000  0.0714285821 
 0.0  1.0  0.0 -0.0714285672  0.5000000000 -0.0714285672 
 0.0  1.0  0.0 -0.2142857164  0.5000000000  0.0714285821 
 0.0  1.0  0.0 -0.2142857164  0.5000000000  0.2142857313 
 0.0  1.0  0.0 -0.0714285672  0.5000000000  0.2142857313 
 0.0  1.0  0.0 -0.0714285672  0.5000000000  0.0714285821 
 0.0  1.0  0.0 -0.2142857164  0.5000000000  0.2142857313 
 0.0  1.0  0.0 -0.2142857164  0.5000000000  0.3571428657 
 0.0  1.0  0.0 -0.0714285672  0.5000000000  0.3571428657 
 0.0  1.0  0.0 -0.0714285672  0.5000000000  0.2142857313 
 0.0  1.0  0.0 -0.2142857164  0.5000000000  0.3571428657 
 0.0  1.0  0.0 -0.2142857164  0.5000000000  0.5000000000 
 0.0  1.0  0.0 -0.0714285672  0.5000000000  0.5000000000 
 0.0  1.0  0.0 -0.0714285672  0.5000000000  0.3571428657 
 0.0  1.0  0.0 -0.0714285672  0.5000000000 -0.5000000000 
 0.0  1.0  0.0 -0.0714285672  0.5000000000 -0.3571428657 
 0.0  1.0  0.0  0.0714285821  0.5000000000 -0.3571428657 
 0.0  1.0  0.0  0.0714285821  0.5000000000 -0.5000000000 
 0.0  1.0  0.0 -0.0714285672  0.5000000000 -0.3571428657 
 0.0  1.0  0.0 -0.0714285672  0.5000000000 -0.2142857164 
 0.0  1.0  0.0  0.0714285821  0.5000000000 -0.2142857164 
 0.0  1.0  0.0  0.0714285821  0.5000000000 -0.3571428657 
 0.0  1.0  0.0 -0.0714285672  0.5000000000 -0.2142857164 
 0.0  1.0  0.0 -0.0714285672  0.5000000000 -0.0714285672 
 0.0  1.0  0.0  0.0714285821  0.5000000000 -0.0714285672 
 0.0  1.0  0.0  0.0714285821  0.5000000000 -0.2142857164 
 0.0  1.0  0.0 -0.0714285672  0.5000000000 -0.0714285672 
 0.0  1.0  0.0 -0.0714285672  0.5000000000  0.0714285821 
 0.0  1.0  0.0  0.0714285821  0.5000000000  0.0714285821 
 0.0  1.0  0.0  0.0714285821  0.5000000000 -0.0714285672 
 0.0  1.0  0.0 -0.0714285672  0.5000000000  0.0714285821 
 0.0  1.0  0.0 -0.0714285672  0.5000000000  0.2142857313 
 0.0  1.0  0.0  0.0714285821  0.5000000000  0.2142857313 
 0.0  1.0  0.0  0.0714285821  0.5000000000  0.0714285821 
 0.0  1.0  0.0 -0.0714285672  0.5000000000  0.2142857313 
 0.0  1.0  0.0 -0.0714285672  0.5000000000  0.3571428657 
 0.0  1.0  0.0  0.0714285821  0.5000000000  0.3571428657 
 0.0  1.0  0.0  0.0714285821  0.5000000000  0.2142857313 
 0.0  1.0  0.0 -0.0714285672  0.5000000000  0.3571428657 
 0.0  1.0  0.0 -0.0714285672  0.5000000000  0.5000000000 
 0.0  1.0  0.0  0.0714285821  0.5000000000  0.5000000000 
 0.0  1.0  0.0  0.0714285821  0.5000000000  0.3571428657 
 0.0  1.0  0.0  0.0714285821  0.5000000000 -0.5000000000 
 0.0  1.0  0.0  0.0714285821  0.5000000000 -0.3571428657 
 0.0  1.0  0.0  0.2142857313  0.5000000000 -0.3571428657 
 0.0  1.0  0.0  0.2142857313  0.5000000000 -0.5000000000 
 0.0  1.0  0.0  0.0714285821  0.5000000000 -0.3571428657 
 0.0  1.0  0.0  0.0714285821  0.5000000000 -0.2142857164 
 0.0  1.0  0.0  0.2142857313  0.5000000000 -0.2142857164 
 0.0  1.0  0.0  0.2142857313  0.5000000000 -0.3571428657 
 0.0  1.0  0.0  0.0714285821  0.5000000000 -0.2142857164 
 0.0  1.0  0.0  0.0714285821  0.5000000000 -0.0714285672 
 0.0  1.0  0.0  0.2142857313  0.5000000000 -0.0714285672 
 0.0  1.0  0.0  0.2142857313  0.5000000000 -0.2142857164 
 0.0  1.0  0.0  0.0714285821  0.5000000000 -0.0714285672 
 0.0  1.0  0.0  0.0714285821  0.5000000000  0.0714285821 
 0.0  1.0  0.0  0.2142857313  0.5000000000  0.0714285821 
 0.0  1.0  0.0  0.2142857313  0.5000000000 -0.0714285672 
 0.0  1.0  0.0  0.0714285821  0.5000000000  0.0714285821 
 0.0  1.0  0.0  0.0714285821  0.5000000000  0.2142857313 
 0.0  1.0  0.0  0.2142857313  0.5000000000  0.2142857313 
 0.0  1.0  0.0  0.2142857313  0.5000000000  0.0714285821 
 0.0  1.0  0.0  0.0714285821  0.5000000000  0.2142857313 
 0.0  1.0  0.0  0.0714285821  0.5000000000  0.3571428657 
 0.0  1.0  0.0  0.2142857313  0.5000000000  0.3571428657 
 0.0  1.0  0.0  0.2142857313  0.5000000000  0.2142857313 
 0.0  1.0  0.0  0.0714285821  0.5000000000  0.3571428657 
 0.0  1.0  0.0  0.0714285821  0.5000000000  0.5000000000 
 0.0  1.0  0.0  0.2142857313  0.5000000000  0.5000000000 
 0.0  1.0  0.0  0.2142857313  0.5000000000  0.3571428657 
 0.0  1.0  0.0  0.2142857313  0.5000000000 -0.5000000000 
 0.0  1.0  0.0  0.2142857313  0.5000000000 -0.3571428657 
 0.0  1.0  0.0  0.3571428657  0.5000000000 -0.3571428657 
 0.0  1.0  0.0  0.3571428657  0.5000000000 -0.5000000000 
 0.0  1.0  0.0  0.2142857313  0.5000000000 -0.3571428657 
 0.0  1.0  0.0  0.2142857313  0.5000000000 -0.2142857164 
 0.0  1.0  0.0  0.3571428657  0.5000000000 -0.2142857164 
 0.0  1.0  0.0  0.3571428657  0.5000000000 -0.3571428657 
 0.0  1.0  0.0  0.2142857313  0.5000000000 -0.2142857164 
 0.0  1.0  0.0  0.2142857313  0.5000000000 -0.0714285672 
 0.0  1.0  0.0  0.3571428657  0.5000000000 -0.0714285672 
 0.0  1.0  0.0  0.3571428657  0.5000000000 -0.2142857164 
 0.0  1.0  0.0  0.2142857313  0.5000000000 -0.0714285672 
 0.0  1.0  0.0  0.2142857313  0.5000000000  0.0714285821 
 0.0  1.0  0.0  0.3571428657  0.5000000000  0.0714285821 
 0.0  1.0  0.0  0.3571428657  0.5000000000 -0.0714285672 
 0.0  1.0  0.0  0.2142857313  0.5000000000  0.0714285821 
 0.0  1.0  0.0  0.2142857313  0.5000000000  0.2142857313 
 0.0  1.0  0.0  0.3571428657  0.5000000000  0.2142857313 
 0.0  1.0  0.0  0.3571428657  0.5000000000  0.0714285821 
 0.0  1.0  0.0  0.2142857313  0.5000000000  0.2142857313 
 0.0  1.0  0.0  0.2142857313  0.5000000000  0.3571428657 
 0.0  1.0  0.0  0.3571428657  0.5000000000  0.3571428657 
 0.0  1.0  0.0  0.3571428657  0.5000000000  0.2142857313 
 0.0  1.0  0.0  0.2142857313  0.5000000000  0.3571428657 
 0.0  1.0  0.0  0.2142857313  0.5000000000  0.5000000000 
 0.0  1.0  0.0  0.3571428657  0.5000000000  0.5000000000 
 0.0  1.0  0.0  0.3571428657  0.5000000000  0.3571428657 
 0.0  1.0  0.0  0.3571428657  0.5000000000 -0.5000000000 
 0.0  1.0  0.0  0.3571428657  0.5000000000 -0.3571428657 
 0.0  1.0  0.0  0.5000000000  0.5000000000 -0.3571428657 
 0.0  1.0  0.0  0.5000000000  0.5000000000 -0.5000000000 
 0.0  1.0  0.0  0.3571428657  0.5000000000 -0.3571428657 
 0.0  1.0  0.0  0.3571428657  0.5000000000 -0.2142857164 
 0.0  1.0  0.0  0.5000000000  0.5000000000 -0.2142857164 
 0.0  1.0  0.0  0.5000000000  0.5000000000 -0.3571428657 
 0.0  1.0  0.0  0.3571428657  0.5000000000 -0.2142857164 
 0.0  1.0  0.0  0.3571428657  0.5000000000 -0.0714285672 
 0.0  1.0  0.0  0.5000000000  0.5000000000 -0.0714285672 
 0.0  1.0  0.0  0.5000000000  0.5000000000 -0.2142857164 
 0.0  1.0  0.0  0.3571428657  0.5000000000 -0.0714285672 
 0.0  1.0  0.0  0.3571428657  0.5000000000  0.0714285821 
 0.0  1.0  0.0  0.5000000000  0.5000000000  0.0714285821 
 0.0  1.0  0.0  0.5000000000  0.5000000000 -0.0714285672 
 0.0  1.0  0.0  0.3571428657  0.5000000000  0.0714285821 
 0.0  1.0  0.0  0.3571428657  0.5000000000  0.2142857313 
 0.0  1.0  0.0  0.5000000000  0.5000000000  0.2142857313 
 0.0  1.0  0.0  0.5000000000  0.5000000000  0.0714285821 
 0.0  1.0  0.0  0.3571428657  0.5000000000  0.2142857313 
 0.0  1.0  0.0  0.3571428657  0.5000000000  0.3571428657 
 0.0  1.0  0.0  0.5000000000  0.5000000000  0.3571428657 
 0.0  1.0  0.0  0.5000000000  0.5000000000  0.2142857313 
 0.0  1.0  0.0  0.3571428657  0.5000000000  0.3571428657 
 0.0  1.0  0.0  0.3571428657  0.5000000000  0.5000000000 
 0.0  1.0  0.0  0.5000000000  0.5000000000  0.5000000000 
 0.0  1.0  0.0  0.5000000000  0.5000000000  0.3571428657 
 0.0 -1.0  0.0 -0.5000000000 -0.5000000000 -0.5000000000 
 0.0 -1.0  0.0 -0.3571428657 -0.5000000000 -0.5000000000 
 0.0 -1.0  0.0 -0.3571428657 -0.5000000000 -0.3571428657 
 0.0 -1.0  0.0 -0.5000000000 -0.5000000000 -0.3571428657 
 0.0 -1.0  0.0 -0.5000000000 -0.5000000000 -0.3571428657 
 0.0 -1.0  0.0 -0.3571428657 -0.5000000000 -0.3571428657 
 0.0 -1.0  0.0 -0.3571428657 -0.5000000000 -0.2142857164 
 0.0 -1.0  0.0 -0.5000000000 -0.5000000000 -0.2142857164 
 0.0 -1.0  0.0 -0.5000000000 -0.5000000000 -0.2142857164 
 0.0 -1.0  0.0 -0.3571428657 -0.5000000000 -0.2142857164 
 0.0 -1.0  0.0 -0.3571428657 -0.5000000000 -0.0714285672 
 0.0 -1.0  0.0 -0.5000000000 -0.5000000000 -0.0714285672 
 0.0 -1.0  0.0 -0.5000000000 -0.5000000000 -0.0714285672 
 0.0 -1.0  0.0 -0.3571428657 -0.5000000000 -0.0714285672 
 0.0 -1.0  0.0 -0.3571428657 -0.5000000000  0.0714285821 
 0.0 -1.0  0.0 -0.5000000000 -0.5000000000  0.0714285821 
 0.0 -1.0  0.0 -0.5000000000 -0.5000000000  0.0714285821 
 0.0 -1.0  0.0 -0.3571428657 -0.5000000000  0.0714285821 
 0.0 -1.0  0.0 -0.3571428657 -0.5000000000  0.2142857313 
 0.0 -1.0  0.0 -0.5000000000 -0.5000000000  0.2142857313 
 0.0 -1.0  0.0 -0.5000000000 -0.5000000000  0.2142857313 
 0.0 -1.0  0.0 -0.3571428657 -0.5000000000  0.2142857313 
 0.0 -1.0  0.0 -0.3571428657 -0.5000000000  0.3571428657 
 0.0 -1.0  0.0 -0.5000000000 -0.5000000000  0.3571428657 
 0.0 -1.0  0.0 -0.5000000000 -0.5000000000  0.3571428657 
 0.0 -1.0  0.0 -0.3571428657 -0.5000000000  0.3571428657 
 0.0 -1.0  0.0 -0.3571428657 -0.5000000000  0.5000000000 
 0.0 -1.0  0.0 -0.5000000000 -0.5000000000  0.5000000000 
 0.0 -1.0  0.0 -0.3571428657 -0.5000000000 -0.5000000000 
 0.0 -1.0  0.0 -0.2142857164 -0.5000000000 -0.5000000000 
 0.0 -1.0  0.0 -0.2142857164 -0.5000000000 -0.3571428657 
 0.0 -1.0  0.0 -0.3571428657 -0.5000000000 -0.3571428657 
 0.0 -1.0  0.0 -0.3571428657 -0.5000000000 -0.3571428657 
 0.0 -1.0  0.0 -0.2142857164 -0.5000000000 -0.3571428657 
 0.0 -1.0  0.0 -0.2142857164 -0.5000000000 -0.2142857164 
 0.0 -1.0  0.0 -0.3571428657 -0.5000000000 -0.2142857164 
 0.0 -1.0  0.0 -0.3571428657 -0.5000000000 -0.2142857164 
 0.0 -1.0  0.0 -0.2142857164 -0.5000000000 -0.2142857164 
 0.0 -1.0  0.0 -0.2142857164 -0.5000000000 -0.0714285672 
 0.0 -1.0  0.0 -0.3571428657 -0.5000000000 -0.0714285672 
 0.0 -1.0  0.0 -0.3571428657 -0.5000000000 -0.0714285672 
 0.0 -1.0  0.0 -0.2142857164 -0.5000000000 -0.0714285672 
 0.0 -1.0  0.0 -0.2142857164 -0.5000000000  0.0714285821 
 0.0 -1.0  0.0 -0.3571428657 -0.5000000000  0.0714285821 
 0.0 -1.0  0.0 -0.3571428657 -0.5000000000  0.0714285821 
 0.0 -1.0  0.0 -0.2142857164 -0.5000000000  0.0714285821 
 0.0 -1.0  0.0 -0.2142857164 -0.5000000000  0.2142857313 
 0.0 -1.0  0.0 -0.3571428657 -0.5000000000  0.2142857313 
 0.0 -1.0  0.0 -0.3571428657 -0.5000000000  0.2142857313 
 0.0 -1.0  0.0 -0.2142857164 -0.5000000000  0.2142857313 
 0.0 -1.0  0.0 -0.2142857164 -0.5000000000  0.3571428657 
 0.0 -1.0  0.0 -0.3571428657 -0.5000000000  0.3571428657 
 0.0 -1.0  0.0 -0.3571428657 -0.5000000000  0.3571428657 
 0.0 -1.0  0.0 -0.2142857164 -0.5000000000  0.3571428657 
 0.0 -1.0  0.0 -0.2142857164 -0.5000000000  0.5000000000 
 0.0 -1.0  0.0 -0.3571428657 -0.5000000000  0.5000000000 
 0.0 -1.0  0.0 -0.2142857164 -0.5000000000 -0.5000000000 
 0.0 -1.0  0.0 -0.0714285672 -0.5000000000 -0.5000000000 
 0.0 -1.0  0.0 -0.0714285672 -0.5000000000 -0.3571428657 
 0.0 -1.0  0.0 -0.2142857164 -0.5000000000 -0.3571428657 
 0.0 -1.0  0.0 -0.2142857164 -0.5000000000 -0.3571428657 
 0.0 -1.0  0.0 -0.0714285672 -0.5000000000 -0.3571428657 
 0.0 -1.0  0.0 -0.0714285672 -0.5000000000 -0.2142857164 
 0.0 -1.0  0.0 -0.2142857164 -0.5000000000 -0.2142857164 
 0.0 -1.0  0.0 -0.2142857164 -0.5000000000 -0.2142857164 
 0.0 -1.0  0.0 -0.0714285672 -0.5000000000 -0.2142857164 
 0.0 -1.0  0.0 -0.0714285672 -0.5000000000 -0.0714285672 
 0.0 -1.0  0.0 -0.2142857164 -0.5000000000 -0.0714285672 
 0.0 -1.0  0.0 -0.2142857164 -0.5000000000 -0.0714285672 
 0.0 -1.0  0.0 -0.0714285672 -0.5000000000 -0.0714285672 
 0.0 -1.0  0.0 -0.0714285672 -0.5000000000  0.0714285821 
 0.0 -1.0  0.0 -0.2142857164 -0.5000000000  0.0714285821 
 0.0 -1.0  0.0 -0.2142857164 -0.5000000000  0.0714285821 
 0.0 -1.0  0.0 -0.0714285672 -0.5000000000  0.0714285821 
 0.0 -1.0  0.0 -0.0714285672 -0.5000000000  0.2142857313 
 0.0 -1.0  0.0 -0.2142857164 -0.5000000000  0.2142857313 
 0.0 -1.0  0.0 -0.2142857164 -0.5000000000  0.2142857313 
 0.0 -1.0  0.0 -0.0714285672 -0.5000000000  0.2142857313 
 0.0 -1.0  0.0 -0.0714285672 -0.5000000000  0.3571428657 
 0.0 -1.0  0.0 -0.2142857164 -0.5000000000  0.3571428657 
 0.0 -1.0  0.0 -0.2142857164 -0.5000000000  0.3571428657 
 0.0 -1.0  0.0 -0.0714285672 -0.5000000000  0.3571428657 
 0.0 -1.0  0.0 -0.0714285672 -0.5000000000  0.5000000000 
 0.0 -1.0  0.0 -0.2142857164 -0.5000000000  0.5000000000 
 0.0 -1.0  0.0 -0.0714285672 -0.5000000000 -0.5000000000 
 0.0 -1.0  0.0  0.0714285821 -0.5000000000 -0.5000000000 
 0.0 -1.0  0.0  0.0714285821 -0.5000000000 -0.3571428657 
 0.0 -1.0  0.0 -0.0714285672 -0.5000000000 -0.3571428657 
 0.0 -1.0  0.0 -0.0714285672 -0.5000000000 -0.3571428657 
 0.0 -1.0  0.0  0.0714285821 -0.5000000000 -0.3571428657 
 0.0 -1.0  0.0  0.0714285821 -0.5000000000 -0.2142857164 
 0.0 -1.0  0.0 -0.0714285672 -0.5000000000 -0.2142857164 
 0.0 -1.0  0.0 -0.0714285672 -0.5000000000 -0.2142857164 
 0.0 -1.0  0.0  0.0714285821 -0.5000000000 -0.2142857164 
 0.0 -1.0  0.0  0.0714285821 -0.5000000000 -0.0714285672 
 0.0 -1.0  0.0 -0.0714285672 -0.5000000000 -0.0714285672 
 0.0 -1.0  0.0 -0.0714285672 -0.5000000000 -0.0714285672 
 0.0 -1.0  0.0  0.0714285821 -0.5000000000 -0.0714285672 
 0.0 -1.0  0.0  0.0714285821 -0.5000000000  0.0714285821 
 0.0 -1.0  0.0 -0.0714285672 -0.5000000000  0.0714285821 
 0.0 -1.0  0.0 -0.0714285672 -0.5000000000  0.0714285821 
 0.0 -1.0  0.0  0.0714285821 -0.5000000000  0.0714285821 
 0.0 -1.0  0.0  0.0714285821 -0.5000000000  0.2142857313 
 0.0 -1.0  0.0 -0.0714285672 -0.5000000000  0.2142857313 
 0.0 -1.0  0.0 -0.0714285672 -0.5000000000  0.2142857313 
 0.0 -1.0  0.0  0.0714285821 -0.5000000000  0.2142857313 
 0.0 -1.0  0.0  0.0714285821 -0.5000000000  0.3571428657 
 0.0 -1.0  0.0 -0.0714285672 -0.5000000000  0.3571428657 
 0.0 -1.0  0.0 -0.0714285672 -0.5000000000  0.3571428657 
 0.0 -1.0  0.0  0.0714285821 -0.5000000000  0.3571428657 
 0.0 -1.0  0.0  0.0714285821 -0.5000000000  0.5000000000 
 0.0 -1.0  0.0 -0.0714285672 -0.5000000000  0.5000000000 
 0.0 -1.0  0.0  0.0714285821 -0.5000000000 -0.5000000000 
 0.0 -1.0  0.0  0.2142857313 -0.5000000000 -0.5000000000 
 0.0 -1.0  0.0  0.2142857313 -0.5000000000 -0.3571428657 
 0.0 -1.0  0.0  0.0714285821 -0.5000000000 -0.3571428657 
 0.0 -1.0  0.0  0.0714285821 -0.5000000000 -0.3571428657 
 0.0 -1.0  0.0  0.2142857313 -0.5000000000 -0.3571428657 
 0.0 -1.0  0.0  0.2142857313 -0.5000000000 -0.2142857164 
 0.0 -1.0  0.0  0.0714285821 -0.5000000000 -0.2142857164 
 0.0 -1.0  0.0  0.0714285821 -0.5000000000 -0.2142857164 
 0.0 -1.0  0.0  0.2142857313 -0.5000000000 -0.2142857164 
 0.0 -1.0  0.0  0.2142857313 -0.5000000000 -0.0714285672 
 0.0 -1.0  0.0  0.0714285821 -0.5000000000 -0.0714285672 
 0.0 -1.0  0.0  0.0714285821 -0.5000000000 -0.0714285672 
 0.0 -1.0  0.0  0.2142857313 -0.5000000000 -0.0714285672 
 0.0 -1.0  0.0  0.2142857313 -0.5000000000  0.0714285821 
 0.0 -1.0  0.0  0.0714285821 -0.5000000000  0.0714285821 
 0.0 -1.0  0.0  0.0714285821 -0.5000000000  0.0714285821 
 0.0 -1.0  0.0  0.2142857313 -0.5000000000  0.0714285821 
 0.0 -1.0  0.0  0.2142857313 -0.5000000000  0.2142857313 
 0.0 -1.0  0.0  0.0714285821 -0.5000000000  0.2142857313 
 0.0 -1.0  0.0  0.0714285821 -0.5000000000  0.2142857313 
 0.0 -1.0  0.0  0.2142857313 -0.5000000000  0.2142857313 
 0.0 -1.0  0.0  0.2142857313 -0.5000000000  0.3571428657 
 0.0 -1.0  0.0  0.0714285821 -0.5000000000  0.3571428657 
 0.0 -1.0  0.0  0.0714285821 -0.5000000000  0.3571428657 
 0.0 -1.0  0.0  0.2142857313 -0.5000000000  0.3571428657 
 0.0 -1.0  0.0  0.2142857313 -0.5000000000  0.5000000000 
 0.0 -1.0  0.0  0.0714285821 -0.5000000000  0.5000000000 
 0.0 -1.0  0.0  0.2142857313 -0.5000000000 -0.5000000000 
 0.0 -1.0  0.0  0.3571428657 -0.5000000000 -0.5000000000 
 0.0 -1.0  0.0  0.3571428657 -0.5000000000 -0.3571428657 
 0.0 -1.0  0.0  0.2142857313 -0.5000000000 -0.3571428657 
 0.0 -1.0  0.0  0.2142857313 -0.5000000000 -0.3571428657 
 0.0 -1.0  0.0  0.3571428657 -0.5000000000 -0.3571428657 
 0.0 -1.0  0.0  0.3571428657 -0.5000000000 -0.2142857164 
 0.0 -1.0  0.0  0.2142857313 -0.5000000000 -0.2142857164 
 0.0 -1.0  0.0  0.2142857313 -0.5000000000 -0.2142857164 
 0.0 -1.0  0.0  0.3571428657 -0.5000000000 -0.2142857164 
 0.0 -1.0  0.0  0.3571428657 -0.5000000000 -0.0714285672 
 0.0 -1.0  0.0  0.2142857313 -0.5000000000 -0.0714285672 
 0.0 -1.0  0.0  0.2142857313 -0.5000000000 -0.0714285672 
 0.0 -1.0  0.0  0.3571428657 -0.5000000000 -0.0714285672 
 0.0 -1.0  0.0  0.3571428657 -0.5000000000  0.0714285821 
 0.0 -1.0  0.0  0.2142857313 -0.5000000000  0.0714285821 
 0.0 -1.0  0.0  0.2142857313 -0.5000000000  0.0714285821 
 0.0 -1.0  0.0  0.3571428657 -0.5000000000  0.0714285821 
 0.0 -1.0  0.0  0.3571428657 -0.5000000000  0.2142857313 
 0.0 -1.0  0.0  0.2142857313 -0.5000000000  0.2142857313 
 0.0 -1.0  0.0  0.2142857313 -0.5000000000  0.2142857313 
 0.0 -1.0  0.0  0.3571428657 -0.5000000000  0.2142857313 
 0.0 -1.0  0.0  0.3571428657 -0.5000000000  0.3571428657 
 0.0 -1.0  0.0  0.2142857313 -0.5000000000  0.3571428657 
 0.0 -1.0  0.0  0.2142857313 -0.5000000000  0.3571428657 
 0.0 -1.0  0.0  0.3571428657 -0.5000000000  0.3571428657 
 0.0 -1.0  0.0  0.3571428657 -0.5000000000  0.5000000000 
 0.0 -1.0  0.0  0.2142857313 -0.5000000000  0.5000000000 
 0.0 -1.0  0.0  0.3571428657 -0.5000000000 -0.5000000000 
 0.0 -1.0  0.0  0.5000000000 -0.5000000000 -0.5000000000 
 0.0 -1.0  0.0  0.5000000000 -0.5000000000 -0.3571428657 
 0.0 -1.0  0.0  0.3571428657 -0.5000000000 -0.3571428657 
 0.0 -1.0  0.0  0.3571428657 -0.5000000000 -0.3571428657 
 0.0 -1.0  0.0  0.5000000000 -0.5000000000 -0.3571428657 
 0.0 -1.0  0.0  0.5000000000 -0.5000000000 -0.2142857164 
 0.0 -1.0  0.0  0.3571428657 -0.5000000000 -0.2142857164 
 0.0 -1.0  0.0  0.3571428657 -0.5000000000 -0.2142857164 
 0.0 -1.0  0.0  0.5000000000 -0.5000000000 -0.2142857164 
 0.0 -1.0  0.0  0.5000000000 -0.5000000000 -0.0714285672 
 0.0 -1.0  0.0  0.3571428657 -0.5000000000 -0.0714285672 
 0.0 -1.0  0.0  0.3571428657 -0.5000000000 -0.0714285672 
 0.0 -1.0  0.0  0.5000000000 -0.5000000000 -0.0714285672 
 0.0 -1.0  0.0  0.5000000000 -0.5000000000  0.0714285821 
 0.0 -1.0  0.0  0.3571428657 -0.5000000000  0.0714285821 
 0.0 -1.0  0.0  0.3571428657 -0.5000000000  0.0714285821 
 0.0 -1.0  0.0  0.5000000000 -0.5000000000  0.0714285821 
 0.0 -1.0  0.0  0.5000000000 -0.5000000000  0.2142857313 
 0.0 -1.0  0.0  0.3571428657 -0.5000000000  0.2142857313 
 0.0 -1.0  0.0  0.3571428657 -0.5000000000  0.2142857313 
 0.0 -1.0  0.0  0.5000000000 -0.5000000000  0.2142857313 
 0.0 -1.0  0.0  0.5000000000 -0.5000000000  0.3571428657 
 0.0 -1.0  0.0  0.3571428657 -0.5000000000  0.3571428657 
 0.0 -1.0  0.0  0.3571428657 -0.5000000000  0.3571428657 
 0.0 -1.0  0.0  0.5000000000 -0.5000000000  0.3571428657 
 0.0 -1.0  0.0  0.5000000000 -0.5000000000  0.5000000000 
 0.0 -1.0  0.0  0.3571428657 -0.5000000000  0.5000000000 
